Variables	Min	FirstQu	Median	Mean	ThirdQu	Max	SD
UserName	not_numeric	not_numeric	not_numeric	not_numeric	not_numeric	not_numeric	not_numeric
RecallRecId	not_numeric	not_numeric	not_numeric	not_numeric	not_numeric	not_numeric	not_numeric
UserID	not_numeric	not_numeric	not_numeric	not_numeric	not_numeric	not_numeric	not_numeric
RecallNo	1	1	2	2.03296703296703	3	3	0.82966143313067
RecallAttempt	0	0	0	0	0	0	0
RecallStatus	2	2	2	2	2	2	0
IntakeStartDateTime	not_numeric	not_numeric	not_numeric	not_numeric	not_numeric	not_numeric	not_numeric
IntakeEndDateTime	not_numeric	not_numeric	not_numeric	not_numeric	not_numeric	not_numeric	not_numeric
ReportingDate	not_numeric	not_numeric	not_numeric	not_numeric	not_numeric	not_numeric	not_numeric
Lang	1	1	1	1	1	1	0
Occ_No	1	1	3	2.53626373626374	3	6	1.23205323447517
Occ_Time	not_numeric	not_numeric	not_numeric	not_numeric	not_numeric	not_numeric	not_numeric
Occ_Name	1	1	3	3	4	7	1.67384650268101
EatWith	not_numeric	not_numeric	not_numeric	not_numeric	not_numeric	not_numeric	not_numeric
WatchTVuseComputer	not_numeric	not_numeric	not_numeric	not_numeric	not_numeric	not_numeric	not_numeric
Location	1	1	1	2.64175824175824	3	11	2.44436175529798
FoodNum	1	4	7	7.26593406593407	10	22	4.19272024290802
FoodType	1	1	1	1.15824175824176	1	2	0.365369264078775
FoodSrce	not_numeric	not_numeric	not_numeric	not_numeric	not_numeric	not_numeric	not_numeric
CodeNum	1	4	8	8.53626373626374	12	24	5.10099576707848
FoodCode	11111000	41601070	63223020	60984825.2241758	75302080	95230020	24150964.6893587
ModCode	0	0	0	0	0	0	0
HowMany	0.0208	0.5	1	3.08787751648352	3	42.525	4.79075594215615
SubCode	0	0	0	0	0	0	0
PortionCode	98	10205	30000	31391.9406593407	61009	64696	22267.4305816348
FoodAmt	0.3	28.175	80	132.6847503663	228.4	720	129.126954640199
KCAL	0	10.425	76.8	130.439196198169	173.3	1196.79	167.820077351877
PROT	0	0.33954	1.81104	6.1819434487326	6.500985	85.32216	10.6041948290773
TFAT	0	0.087421875	1.6235	6.02142226857509	7.4609	70.4396	9.78429371648283
CARB	0	0.788859375	4.11355	13.0012759619231	17.304	132.7728	20.2014524741151
MOIS	0.00046	15.9702454166666	53.865	105.850050752201	174.90195	716.688	117.949001289639
ALC	0	0	0	0.220338461538462	0	14.04	1.64597143221747
CAFF	0	0	0	4.40530549450549	0	228.96	21.5976725551282
THEO	0	0	0	1.12869230769231	0	154.05	10.2863557940535
SUGR	0	0.065895	0.8055	4.15845442387546	4.195625	92.079	8.80938918817871
FIBE	0	0	0.4749375	1.42404597069597	2.005	16.764	2.28326167776679
CALC	0	5.37	16.392192	63.4995691161172	57.345	734.8	114.833743453117
IRON	0	0.0864	0.36288	0.997311030516484	1.2626	17.992	1.77932568738202
MAGN	0	3.77125	12.6	22.4198535714286	29.2325	177.12	26.8830713913843
PHOS	0	7.4375	39.6	107.155679716484	143.92	1128.33	163.283728488329
POTA	0	38.95	97.2	201.690188787179	246.5286	2590.8	285.310615567903
SODI	0	9.9375	90.7	275.724549589377	358.77	2852.28	425.285303458569
ZINC	0	0.0576	0.315	0.741669218040293	0.833	12.82512	1.2795915664176
COPP	0	0.0143	0.04774	0.0935794650435897	0.12422	1.23444	0.126605640089889
SELE	0	0.0985	1.305	8.89748565952381	9.20375	188.4708	18.2351403062661
VC	0	0	0.32	6.64997377838828	4.356	105.57	15.6808583624734
VB1	0	0.009625	0.03528	0.110143192982784	0.11072	3.73791	0.26356020042731
VB2	0	0.012964597	0.05022	0.136132927999634	0.1776	1.14	0.197166140710562
NIAC	0	0.077385	0.36672	1.55697542487839	1.55	36.522174	3.44329202975592
VB6	0	0.015423129	0.056	0.152492353515751	0.14977	3.094	0.292980511910685
FOLA	0	2.35625	12	31.777519610989	37.15	617.95	56.2369064625924
FA	0	0	0	8.89319626373626	0	601.8	39.8987502633535
FF	0	2.2665	9.6	22.9085870835165	25.100544	232.848	36.752958257295
FDFE	0	2.35625	12.2	37.9923004901099	39	1039.55	79.539381917009
VB12	0	0	0	0.568090495604396	0.288	20.27592	1.84206689273042
VARA	0	0	3.36	58.3231722710623	57.6288	2224.992	159.861784753891
RET	0	0	0	32.6852539648352	4.87	2217.6	124.374300838394
BCAR	0	0	5.2	279.217737559707	54.296	16380	1163.20744318977
ACAR	0	0	0	53.6090141721612	0.1415	4172.4	310.367051797901
CRYP	0	0	0	3.6692310989011	0.597	182.525	13.4023890239509
LYCO	0	0	0	227.561031593407	0	31470.6	1742.37304391908
LZ	0	0	2.268	216.073787831502	71.68375	7866.72	839.599378084006
ATOC	0	0.02968455	0.18	0.680982551875458	0.782	8.347	1.17440375816738
VK	0	0.127	1.54425	15.0001575263736	8.595	328.776	40.623547345209
CHOLE	0	0	0	24.105143389011	9.42	840	82.5649076937607
SFAT	0	0.0104625	0.3198	1.66494703781648	1.794055	20.17863	3.09702004762888
S040	0	0	0	0.0297207985142857	0	0.58905	0.086508268263487
S060	0	0	0	0.0197613442241758	0	0.45045	0.0585938325456333
S080	0	0	0	0.0160865670923077	0.0025415625	0.4026	0.0443174591906492
S100	0	0	0	0.0308393907648352	0.00772875	0.6363	0.0864609749575789
S120	0	0	0	0.0410579396527473	0.008160625	2.54248	0.153516694275683
S140	0	0	0.00326	0.134608479214652	0.03803	2.2101	0.344363183092859
S160	0	0.00915375	0.21804	0.941973569265201	1.058746	10.60848	1.67247989984198
S180	0	0.00075	0.0477425	0.38936970824652	0.35373	4.914	0.792839379726779
MFAT	0	0.006898125	0.3462	2.13380936804762	2.56899	22.71438	3.63711246303371
M161	0	0	0.0048	0.0808431901304029	0.045645	1.40298	0.192339837427375
M181	0	0.00455	0.32665	1.97721988887033	2.43087	22.08674	3.40007532178933
M201	0	0	0.000352	0.0392262177868132	0.02364	1.877904	0.150672790315891
M221	0	0	0	0.0068170178021978	0	1.570592	0.075691032135881
PFAT	0	0.02463	0.274815	1.70404679886044	1.805308125	34.7578	3.36438813931667
P182	0	0.01618125	0.19592	1.45207223591648	1.486194	30.43656	2.92701603649602
P183	0	0.00261	0.02964	0.18533333557326	0.16647	4.54	0.42525767675773
P184	0	0	0	0.00316935164835165	0	0.324324	0.0258625317514326
P204	0	0	0	0.0122055631956044	0.002352576	0.42	0.0435659669267476
P205	0	0	0	0.0122543171692308	0	1.097712	0.0814818604574984
P225	0	0	0	0.00385132032967033	0	0.26082	0.0225011296010191
P226	0	0	0	0.023558692967033	0	1.778112	0.148028822495938
VITD	0	0	0	0.831176735824176	0.032	45.2466	4.00260966687611
CHOLN	0	1.647	7.16	29.7293098216484	27.237	574.5	63.5554787855642
VITE_ADD	0	0	0	0.0620013626373626	0	8.347	0.657706075120279
B12_ADD	0	0	0	0.102563417582418	0	9.2565	0.612249524540463
F_TOTAL	0	0	0	0.0421871659340659	0	1.5812	0.203426922669616
F_CITMLB	0	0	0	0.0129736813186813	0	1.5555	0.104018512949632
F_OTHER	0	0	0	0.0241703461538462	0	1.5812	0.150511585653457
F_JUICE	0	0	0	0.00504313846153846	0	1.0416	0.0581837236876741
V_TOTAL	0	0	0	0.183637434058608	0.186996875	4.029	0.406404273456303
V_DRKGR	0	0	0	0.0283732783882784	0	1	0.121045654795013
V_REDOR_TOTAL	0	0	0	0.0297022747252747	0	1.2726	0.1324252059669
V_REDOR_TOMATO	0	0	0	0.0166961758241758	0	1.2726	0.109066336318511
V_REDOR_OTHER	0	0	0	0.0130060989010989	0	0.96	0.0757592162644917
V_STARCHY_TOTAL	0	0	0	0.0349355769230769	0	4.029	0.274663029463382
V_STARCHY_POTATO	0	0	0	0.0313859340659341	0	4.029	0.27273739225143
V_STARCHY_OTHER	0	0	0	0.00354964285714286	0	0.4248	0.029917274263589
V_OTHER	0	0	0	0.090626304021978	0.043	1.7301	0.231405099467877
V_LEGUMES	0	0	0	0.0202695054945055	0	0.762	0.0938868493112776
G_TOTAL	0	0	0	0.32630312967033	0	7.7562	0.893865034072162
G_WHOLE	0	0	0	0.0514232967032967	0	2.6562	0.295675707703003
G_REFINED	0	0	0	0.274879832967033	0	7.7562	0.849083542579366
PF_TOTAL	0	0	0	0.469076711538462	0.0436	11.32866	1.31708266628693
PF_MPS_TOTAL	0	0	0	0.305118879120879	0	11.32866	1.21918331024051
PF_MEAT	0	0	0	0.0594957802197802	0	3.9123	0.413334839713423
PF_CUREDMEAT	0	0	0	0.0412323296703297	0	6.00453	0.366904146978323
PF_ORGAN	0	0	0	0	0	0	0
PF_POULT	0	0	0	0.0289520879120879	0	4.0362	0.299871575211924
PF_SEAFD_HI	0	0	0	0.114842175824176	0	11.32866	0.88649490690928
PF_SEAFD_LOW	0	0	0	0.0605965054945055	0	9.4689	0.568835691185808
PF_EGGS	0	0	0	0.0719894285714286	0	4.5	0.405647390943129
PF_SOY	0	0	0	0.0412721978021978	0	3.3558	0.27069501463622
PF_NUTSDS	0	0	0	0.050696206043956	0	3.525	0.293532119517427
PF_LEGUMES	0	0	0	0.0814506593406593	0	3.0099	0.37573351021922
D_TOTAL	0	0	0	0.111326335164835	0	2.42	0.33753968312619
D_MILK	0	0	0	0.0449617802197802	0	2.0008	0.196346543977341
D_YOGURT	0	0	0	0.0079629945054945	0	1.50675	0.0839136185715754
D_CHEESE	0	0	0	0.0464798901098901	0	2.42	0.245591542763361
OILS	0	0	0	2.64368978597802	2.163975	56.364	5.98186434892082
SOLID_FATS	0	0	0	1.88593003927473	0.3525	38.675	4.88325843113447
ADD_SUGARS	0	0	0	0.461092414835165	0	21.3525	1.75393319779048
A_DRINKS	0	0	0	0.0158123076923077	0	1.008	0.118142124622429
FoodComp	1	1	1	1	1	1	0
Food_Description	not_numeric	not_numeric	not_numeric	not_numeric	not_numeric	not_numeric	not_numeric
Gender	not_numeric	not_numeric	not_numeric	not_numeric	not_numeric	not_numeric	not_numeric
Age	25	31	38	42.9164835164835	53	71	14.7695085931414
Weight	48	53.9	73	69.7516483516484	85	99	16.2066090466936
Height	152	161.3	169	168.751428571429	177.8	186	10.4400276565777
BMI	19	21	23	24.3934065934066	27	32	4.220408831424
Waist.Circumference	75	80	85	85.3747252747253	90	101	7.38313641980986
