PHOS	CARB	FIBE	TFAT	SFAT	CHL	ATOC	ATOA	VARA	ACAR	BCAR	CRYP	LYCO	LZ	IRON	VB2	NIAC	FDFE	FF	B12A	VC	VD	CALC	MAGN	SODI	POTA	SELE	CAFF	THEO	ALCO	MOIS	S140	S120	M161	M201	M221	P183	P184	P226
1466	237.465	19.75	100.415	31.925	415.55	9.605	0	651.5	213.5	3297	162	1460.5	4797	15.84	2.6175	28.031	535.5	260.5	0	87.55	6.1	1028	294.5	4864.5	3207.5	140.7	265.5	3.5	0	3361.605	2.1745	0.514	1.802	0.409	0.194	2.6105	0.002	0.0315
2038	290.21	9.75	116.23	29.3455	889.25	11.005	0	374.5	274.5	805	64	1582.5	1206	13.48	2.642	36.5695	586.5	384	0	29.05	3.9	611.5	393	3908.5	3582	121.7	186	0	117.1	4623.66	2.106	0.625	1.1705	0.5395	0.0135	3.54	0.0095	0.2625
343	111.065	2.55	35.255	13.2585	82.2	1.815	0	156	9	466.5	89	2774	95.5	2.62	0.258	9.4545	127.5	44	0	45.35	0.05	94	50	1453	639.5	39.8	11	0	0	820.9	1.2205	0.372	1.067	0.1475	0.0125	0.482	0.001	0.002
886.5	127.1	14	31.18	8.228	192.75	7.145	3.43	550.5	695	2182	180.5	6973.5	1283.5	17.02	1.349	21.713	361.5	114.5	2.835	43.25	3.55	675	192.5	2826	1607.5	71.15	1	13.5	0	1488.905	0.547	0.2665	0.6225	0.0915	0.001	0.747	5e-04	0.014
1047	231.555	13	64.78	24.522	265.2	9.29	0	1276	14	7276	100.5	10232.5	15721	10.185	2.1315	28.571	645	203	2.22	51.95	5.5	730	272.5	2571.5	2232.5	98.8	49	32	0	1809.83	2.441	1.186	1.0805	0.193	0.0025	1.3645	0.0015	0.0165
1036.5	272.31	15.6	81.095	29.722	259.3	8.77	1.765	782.5	52	5080.5	142	7585	6257.5	11.285	1.8385	17.378	637	335.5	0	258.2	3.45	926	281.5	2954	2582	124.55	62	30.5	0	2419.915	2.8255	0.936	1.0305	0.463	0.0025	1.569	0.089	0.052
437	76.815	3.3	33.19	9.6195	290	2.335	0	156	16	39.5	6	301.5	390.5	4.815	0.7045	8.55	115	61.5	0	22.95	2.1	313.5	88	1651.5	875	57.65	0	0	0	1531.015	0.419	0.095	0.69	0.183	0.0025	0.6465	0.001	0.042
860	149.395	5.7	44.885	11.287	224.3	5.415	0	104.5	45	190.5	91.5	2586.5	183.5	3.96	0.8665	26.617	171.5	110.5	0	101.8	1.2	435	172	1422	1875.5	83.05	164	0	30.95	1987.575	0.809	0.272	0.537	0.1385	0.001	1.2105	0	0.011
1537	394.745	20.8	137.285	41.3095	612.6	12.405	0	689.5	769.5	1158	96	1158.5	1339.5	14.155	2.665	24.471	537.5	321.5	0	88.6	4.3	808.5	326	3937.5	3434.5	124.35	80.5	0	0	2335.04	3.6475	1.0175	2.0125	0.3695	0.038	3.8785	0	0.0765
1246.5	265.475	9.65	79.995	29.6095	329.15	6.075	0	556.5	226.5	803	69	1416.5	601.5	10.14	3.029	14.7145	386.5	135.5	0	87.25	4.6	1056	180	2820.5	1916.5	81.25	46	4.5	0	2080.025	2.483	0.7395	1.087	0.215	0.007	1.9075	0.0295	0.0165
796.5	155.43	10.35	42.1	14.475	142	3.33	0	321.5	737.5	1831	56	329	358.5	7.35	1.6465	13.654	330	103	0	19.3	2.5	812	208	2302.5	1659.5	60.4	528	0	0	3552.4	1.251	0.3835	0.393	0.123	0.003	0.531	0.001	0.0025
2084.5	395.105	26.1	161.32	67.205	476.35	12.735	0	667.5	88	588	138	9174.5	1247.5	22.545	2.419	32.6615	908.5	345	0	118.7	3.85	1695	338	6422.5	2923	186.45	3	92	0	2387.645	7.148	7.3945	1.85	0.491	0.0325	2.3595	0.0355	0.052
1349	193.205	10.65	71.64	19.1525	415.45	9.53	0	844	1882.5	5478.5	9.5	625	1591.5	8.82	1.4265	14.6675	453	243.5	0	69.25	4.85	956.5	265.5	3093.5	2468.5	135.5	65.5	6.5	0	3219.81	1.6505	0.4185	0.7855	0.265	0.1765	2.746	0.0195	0.3715
817.5	148.54	7.95	61.715	18.878	129.85	3.94	0	342	2.5	208	0.5	1923.5	164.5	10.1	1.3165	21.1455	397.5	105.5	1	18.25	1.8	701	155.5	2706	1144.5	70.55	0	0	0	1556.33	1.719	0.457	0.979	0.3125	0.0145	1.46	0.002	0.0055
932.5	204.375	8.25	53.51	12.5705	406.15	4.965	0	249	206	1123.5	26.5	351.5	988.5	11.77	1.132	19.2195	457.5	131.5	0	26.35	2	341	169.5	4768.5	1391.5	123.7	30	0	0	1847.2	0.404	0.03	0.9055	0.2645	0.015	1.418	0.001	0.209
949.5	191.615	14.1	49.45	15.7855	226.55	7.975	2.67	609	562	2576.5	21	2862.5	1294	10.69	1.962	16.361	501.5	204	1.19	88.65	4.75	796.5	191.5	2082.5	2168	67.9	144	4.5	0	1764.13	1.425	0.406	0.7595	0.2335	0.0185	1.7175	0.005	0.0085
799	204.555	13.05	47.24	21.5615	169.05	4.185	0	539.5	53.5	325.5	137	804	349	10.75	1.748	12.8835	315.5	134	0.92	123.05	3.9	684.5	198	1241.5	1988.5	64.2	68.5	13	0	1670.165	2.8015	0.8005	0.6295	0.0675	0.001	0.9335	5e-04	0.0035
991	227.37	17.55	75.57	17.8775	278	7.835	0	410	530.5	2751.5	64.5	1721.5	1859.5	12.295	1.4895	17.6895	453.5	244	0.34	52.5	2	679	232	3466.5	1946.5	84.9	196.5	59	0	2025.715	0.9535	0.2505	0.8005	0.2815	0.0185	2.3935	0.0015	0.0165
1120.5	334.215	9.4	100.055	34.5955	241.05	5.79	0	302.5	13.5	490.5	9	11503	122	12.655	1.943	36.945	331	105	0	14.1	0.8	819.5	396	3640	2368	95.2	780	0	0	1512.535	3.31	0.7255	1.689	0.335	0.0335	1.596	0.004	0.0035
1471.5	313.435	28	68.155	19.1085	361.25	9.89	0	907.5	198	2763	169	5904.5	800	17.15	2.2035	29.514	584	304	0	222.7	3.9	1257	378	3489.5	3158	105.4	11.5	13.5	0	4183.275	1.205	0.2625	1.2965	0.22	0.0035	1.569	0	0.03
758.5	25.13	8.75	73.105	22.9525	415.3	8.355	0	730	1618	4901	24.5	1	2250	6.25	1.1225	12.3885	175.5	175.5	0	12.15	10.8	229	199	1866.5	1505.5	126.65	76.5	1.5	0	2636.235	2.2365	3.2325	1.623	0.4225	0.155	0.9605	0.001	0.199
1770	255.275	20.45	90.73	26.4835	396.9	11.275	2.955	712	595.5	1562.5	36	869	568.5	14.205	2.03	23.7565	420	204.5	1.32	106.35	10	1150.5	497	3079	2878	185.1	1.5	0	0	3142.3	2.3635	3.761	0.7095	0.3855	0.0155	1.946	0.007	0.128
898	199.355	11.55	43.755	11.5165	142.85	8.4	0	234.5	9.5	1605.5	0	18057	1450	11.52	1.327	25.463	587	136.5	0	5.95	1.3	459	181.5	3708.5	1508	154.4	20	2.5	27.9	2936.015	0.8175	0.2105	0.51	0.1575	0.0015	1.323	0.0435	0.004
1551.5	218.45	17.7	98.05	34.067	294.85	9.17	0	500.5	19.5	388	19	1453	657.5	12.065	2.025	25.718	610	222	0	57.45	7.7	1024.5	325	4423	2343	197.35	104	27.5	0	2065.005	3.3375	1.145	1.725	0.555	0.0135	1.8045	0.0155	0.134
1503.5	364.175	12.65	83.035	26.834	548.25	6.495	0	720.5	1682.5	4156	393	4409.5	1396.5	9.81	3.2745	20.9485	235	181.5	0	146.3	4.6	598.5	272	3233.5	3748.5	108.3	825.5	0	0	7076.355	1.95	0.5255	1.106	0.3175	0	1.5175	0	0.039
1393.5	145.555	13	79.555	18.438	507.9	9.805	0	567	273	3161	195.5	1755	5539.5	9.875	1.303	15.769	274	230	0	70.7	12.15	703.5	262	2870	2288	136	39	19	0	1670.02	1.274	0.318	0.7655	0.455	0.1295	2.9545	0.104	0.7735
1029.5	231.685	20.4	68.595	20.0785	244.65	5.215	0.115	156	33	347.5	36.5	3180.5	441.5	13.545	1.451	17.6185	342	162	0	122.85	1.65	460.5	258.5	2947	2220	118.65	33.5	0	0	2001.815	1.1385	0.2575	1.247	0.1905	0.0055	1.719	0.0025	0.075
620	166.305	8.05	29.73	8.0795	116.65	3.99	0	102	141	677	13.5	4651.5	403	5.16	0.7705	12.353	90.5	63.5	0	22.85	0.4	195.5	139	2812	1360	52	186.5	49	0	1245.515	0.3355	0.051	0.226	0.0875	0.0035	0.401	0	0.02
1163.5	100.77	7.75	72.06	27.39	257.4	4.735	0	219	20	257	17	1336	165.5	7.93	1.2095	24.5865	171.5	120.5	0	9.1	1.7	1022.5	204	2171.5	1564	109.3	0	0	14	1480.93	2.462	0.4055	2.01	0.2775	0.008	0.6945	0.115	5e-04
2507	375.06	22.15	105.995	31.8215	471.75	18.6	8.275	1229	899	3129.5	280	4940	2161	17.84	3.773	33.3315	827.5	287.5	0.6	172.8	7	1832	514.5	3935	3347.5	227.6	48	33	37.15	2285.325	3.0625	0.905	1.185	0.3305	0.0345	2.0985	5e-04	0.0275
1186.5	139.245	13.5	58.2	22.1175	211.8	4.23	0	374.5	388.5	1049	1.5	2.5	1013.5	5.82	1.8085	12.5165	286	157	0	53.8	3.05	722	227	2080	1929.5	78.95	318	29	29.45	2172.21	2.267	0.7505	0.525	0.079	0.0045	1.6305	0.001	0.031
1031.5	171.265	23.85	33.595	10.2345	223.85	4.415	0	297.5	323.5	1068	12.5	729	552	9.04	1.3745	11.1485	326	280.5	0	36.85	4.3	699	343	1768.5	2123	64.9	133	11.5	0	2522.96	0.883	0.269	0.368	0.083	0.006	0.7975	5e-04	0.0145
1024	216.81	11.3	46.92	11.6905	199.75	4.805	0.04	574.5	1758.5	5396	25	19.5	1775.5	7.62	3.1855	38.6735	210	158	5.775	87.6	3.35	796.5	225.5	2038	2610	69.8	148	18.5	0	3160.495	0.7815	0.1265	0.418	0.141	0.009	1.24	5e-04	0.003
1195.5	186.765	10.15	68.115	25.369	302.65	4.6	0	207	0	74	2	904.5	220.5	12.25	1.3295	19.0325	319	109.5	0	15.5	2.4	437.5	174.5	4015	2000.5	112.65	101	42.5	0	2318.325	1.8585	2.5795	1.0005	0.2525	0.0195	1.22	0.001	0.015
3148.5	559.27	55.1	110.26	20.67	499.95	21.285	0	798.5	703.5	3682	172.5	27486.5	2070.5	25.645	3.7875	45.341	846	502	2.9	176.45	8.85	1719	1019	4385.5	6099.5	194.75	230	44.5	24.55	4072.985	0.479	0.1105	0.6615	0.456	0.022	3.0495	0	0.0115
1193.5	194.14	13.65	89.005	32.5245	267.75	5.99	0	350	0.5	466	5	5365	463	11.145	1.078	18.273	489.5	164.5	0	5.55	2.05	937	182	3737	1372	112.4	126.5	2	0	2105.61	3.0225	1.0695	1.2985	0.45	0.027	1.7255	0.004	0.028
1498	211.425	22.3	101.695	22.7275	462.95	11.385	0	852	494	3336.5	632.5	1412	4668	13.3	2.836	31.6985	478	317	1.27	71.65	9.15	879	455	6017.5	2921.5	108.75	146.5	46	0	2629.23	0.889	0.212	0.562	0.9785	0.0695	1.3095	0.015	0.1375
996	26.33	3.9	41.06	15.5935	363.1	6.175	0	626.5	263	4052.5	9	17558.5	6290.5	6.36	1.9225	12.4275	207.5	202	0	123.95	2.45	637.5	149.5	2995	2236.5	78.25	396	0	0	2515.57	1.483	0.3575	0.787	0.1455	0.002	0.349	0	0.047
1486.5	262.725	14.5	109.065	22.7385	329.3	11.63	0	192.5	21.5	154.5	84.5	454	398	10.45	1.4205	29.01	470	186.5	0	115.4	4.85	546	231.5	3842.5	2804	120.7	0	0	0	1260.685	0.651	0.174	0.9255	0.6195	0.0245	3.431	0.013	0.0645
1391	284.21	18.75	127.215	44.4705	241.55	10.765	0	609.5	64.5	845.5	225	8413	864	14.475	2.695	32.778	814.5	427.5	1.595	144.15	3.35	1230.5	255.5	3814.5	2503.5	133.6	26	85.5	0.8	1746.87	4.2825	2.6215	1.721	1.003	0.004	2.35	0	0.0095
1561.5	245.665	24.45	73.225	15.8505	417.8	19.905	10.82	596.5	25.5	2229.5	48	1121	3038.5	13.47	2.8285	23.3925	358	292.5	2.91	58.75	7.85	1414.5	404.5	3018	2929.5	110.45	9.5	107	0	4178.235	0.5645	0.1495	1.2845	0.3695	0.037	2.6225	0.0075	0.1095
1119.5	127.43	13.15	71.34	16.316	379.85	11.68	0	643	26	4958.5	7.5	356	10935.5	8.915	1.3505	16.162	376	287.5	0	46.85	2.15	513.5	328.5	2103.5	1926.5	126.1	64	12	0	3618.505	0.764	0.2595	0.827	0.315	0.0235	1.3325	5e-04	0.099
673	133.73	7.75	61.365	22.8465	290.3	3.25	0	255	50.5	243.5	122	624	597	6.655	1.468	8.784	237	148.5	0	105.25	3.8	690	159	2259.5	1796	61.2	264	0	0	2060.875	2.1	1.6485	1.1405	0.19	0.0345	1.1255	0.001	0.036
1942	315.755	25.65	51.575	21.826	595.85	11.98	6	1159	705	2367	21.5	0	1637.5	30.935	3.813	23.0825	529	223.5	1.05	133.65	13.25	2093	318.5	3081	3584	137.5	17.5	25	0	3085.87	2.3935	1.1305	0.632	0.095	0.004	0.904	0	0.065
1173.5	317.72	26.35	39.435	18.8665	210.35	7.475	1.69	964	2083	5525.5	44.5	10970	996.5	12.945	1.64	21.4275	368.5	191.5	0.755	163	5.7	1023.5	428.5	3115	4579	116.1	0	0	0	2462.315	2.61	1.2655	0.7245	0.1025	0.009	0.509	0.004	0.1415
1509.5	311.935	15.9	101.535	28.3205	362.7	9.73	0	703	36	6281	96.5	2948	8719	14.71	1.6025	32.605	351.5	235.5	0	75	4.8	1076	343	4180	2681.5	146.4	2.5	24	14.9	2018.08	2.004	0.47	2.1905	0.589	0.1015	1.9115	0.021	0.105
1382.5	325.445	41.55	44.785	9.8755	274.7	8.485	1.93	827	712.5	2479.5	279	1467	1937	22.56	2.344	31.1755	743.5	343	2.965	181.65	2.5	889.5	433.5	3187	3831	103.6	253.5	82	0	2427.67	0.292	0.0785	0.673	0.1475	0.0025	1.3115	0.001	0.0055
1380.5	210.02	20.1	81.625	25.298	242.55	13.76	0	326	4.5	356	19.5	7566.5	385	14.22	1.99	17.187	478	222.5	0	15.75	2.55	1126	324	2894	2563.5	76.15	174	0	14.05	2179.49	2.678	0.7465	0.939	0.207	0.019	1.231	0.002	0.003
2400.5	372.025	34.1	135.12	46.6145	348.1	13.475	0	1315	6.5	2326.5	15	8038.5	3077.5	20.54	4.4125	44.9885	543.5	271.5	0	45.15	2.35	2190	811	4755	3178.5	146.3	14	123	0	2526.275	4.155	2.2065	1.684	0.557	0.037	2.871	0.151	0.1045
2941	205.685	10.05	95.5	30.231	476.8	34.815	29.13	2532.5	2.5	259	12	3533.5	191	30.23	5.816	83.552	1389	193.5	7.295	156.25	11.55	1855.5	760.5	5383.5	2904.5	193.35	151	59	74.4	5503.485	3.3435	1.9495	1.2755	0.2915	0.005	2.1135	0.0045	0.01
1148	260.105	13.8	103.82	25.9505	387.05	10.585	0	322	9	336	50	6494.5	1180.5	10.685	1.4035	21.041	499	255.5	0	55.05	7.8	635	262	4180	2121	163.45	32.5	0	0	1738.09	1.8235	0.872	0.7865	1.0375	0.1395	2.7045	0.0395	0.4735
1817	331.745	16.35	70.085	23.737	418.35	15.4	10.89	1688	1937	5320.5	5	2584.5	1001.5	27.685	3.918	35.44	1448	223	8.84	178.85	14.95	1575.5	426	3438	3681.5	168.15	306.5	4.5	0	3576.665	2.7085	0.7525	0.8505	0.33	0.031	1.1625	0.079	0.156
726	140.16	7.9	69.255	17.8805	272.9	6.485	0	157.5	58	1030	87.5	2935	574	5.455	1.0105	18.1985	218.5	161	0	62.85	0.45	374.5	223.5	2235	1869	51.1	97	45	69.9	3059.655	1.0035	0.172	1.2755	0.2295	0.015	2.239	5e-04	0.008
924	99.58	11.05	28.605	9.064	442.3	2.765	0	318	294	784	48	0	1698.5	7.555	1.198	19.8165	210	133	0	49.95	3.95	420.5	180	1903.5	1242.5	95.2	0	0	0	1096.195	0.5135	0.15	0.4125	0.077	5e-04	0.4685	0	0.0715
1496	320.625	12.8	100.535	35.575	491.65	7.115	0	682.5	60	571.5	198.5	803.5	1181	11.655	2.5575	21.0575	385	263.5	0	36.05	8.8	1120.5	298	3808	3039	134.8	328.5	27	0	3994.54	3.385	1.007	1.3055	0.2455	0.014	2.3425	0.0015	0.051
896.5	149.36	21.7	30.985	8.7205	290.05	3.77	0	767	150.5	3198	7.5	2765	5328.5	16.29	1.649	18.677	366	212.5	0	35.05	1.5	597.5	272	2468.5	1783.5	86.4	198	0	0	5484.63	0.402	0.085	0.4205	0.1345	0.118	0.6375	5e-04	0.033
1126	181.83	16.95	44.045	17.492	194.65	3.63	0	274	38	349.5	0	945.5	1500.5	6.125	1.9025	7.658	166	147.5	0.015	62.55	4.45	814.5	270.5	1880	2074.5	51.5	165	26	91.3	2254.085	1.921	0.6265	0.3475	0.078	0.008	2.9145	5e-04	0.0195
2564.5	169.755	24.3	153.975	50.7885	548.4	9.465	0	415.5	40.5	873.5	91	711	1641.5	20.14	2.8405	32.6855	423.5	264.5	0	71.9	2.65	1285.5	385.5	6766	3095.5	204.15	353	5.5	0	3803.425	4.387	1.089	3.222	0.5395	0.0665	3.47	0.001	0.06
1502	126.03	8.7	59.69	19.126	427.15	5.03	0	346.5	0	234.5	2	676.5	324	11.1	1.9325	37.364	215	160.5	0	49.65	3.95	623.5	274	4042.5	2980.5	149.85	113.5	0	65.05	2744.87	1.5385	0.378	0.8995	0.2095	0.013	0.664	0	0.0055
1560	190.88	13.35	84.885	27.187	519.25	5.79	0	602.5	22.5	247	16	709.5	985	10.51	2.195	20.7115	158.5	111.5	0	10.2	13.55	745	261.5	3728	2632	145.2	0	16.5	34.45	2051.92	1.6315	0.3555	1.1635	0.569	0.025	1.081	0.035	0.204
1323.5	193.235	18.55	65.295	23.6335	152.4	19.595	14.085	1705	3128.5	7052	15	0	971	17.885	2.754	20.7745	1085.5	154	8.96	38.75	10.45	2153	332	3677	2330.5	61.9	202.5	0	66.45	2153.81	3.2885	0.7945	0.678	0.146	0.003	1.282	0	5e-04
1654.5	241.715	11.75	103.585	39.274	483.05	6.75	0	797.5	1.5	492.5	25	12401	672.5	15.265	2.8935	26.082	566.5	158	0.625	14.75	11.8	1604	238.5	4066.5	2366	160.85	1	12	0	2098.08	4.1275	1.2575	1.2815	0.2495	0.075	2.1225	5e-04	0.0515
1997	227.46	14.2	62.35	27.9675	353.85	8.16	3.64	881	137	668	156.5	2187	690.5	6.48	3.8595	18.3565	264.5	239.5	0.815	83.3	17.5	2569	363	2275	4198.5	89.1	245.5	16.5	0	4523.04	3.5605	1.121	0.7825	0.1145	0.0015	1.032	0	0.0025
2028	211.345	17.75	117.395	31.777	426.95	11.34	0	548	821.5	2210.5	37	194.5	1062	12.64	1.4225	25.4635	494	206	0	56.35	4.7	685	238.5	5151.5	2929	188.4	4	40.5	15.95	1452.585	1.353	0.3095	0.82	0.3955	0.0235	2.6375	0.0015	0.388
1186	167.87	12.25	50.3	11.5255	426.5	6.395	0	328	522	1787	561	110.5	1481.5	8.49	1.67	26.5175	374.5	293.5	0	207.05	1.1	369.5	255	5059	3171.5	111.4	80.5	0	0	3742.69	0.4815	0.5485	0.9335	0.2305	0.003	1.405	0	0.024
2685.5	481.71	28.85	141.57	45.3475	819.8	26.685	0.595	1219	110.5	997.5	133.5	3918.5	1322.5	26.28	3.556	33.5595	1091	470	3.775	214.8	12.9	2167.5	542	7263	4085.5	214.65	1.5	37.5	24.15	3461.51	4.0435	0.9375	1.697	0.4675	0.0185	3.649	5e-04	0.098
2073	277.355	33.05	128.605	39.2115	762.2	13.195	0	719.5	196.5	1288	182	6266	1456	21.82	3.14	36.8875	789	396	2	76.55	8.4	1040.5	434.5	3909	4240.5	154.35	197.5	87.5	12.35	2212.435	2.1145	1.096	2.0135	0.5605	0.01	2.4255	5e-04	0.1065
693	145.265	20.15	42.74	10.7075	209.5	6.135	0	484	707.5	4085.5	51.5	3180.5	3091.5	9.87	1.091	9.63	319.5	263	0	94.1	1	375.5	240.5	2030	2094.5	48.8	16.5	0	0	2547.09	0.834	0.3425	0.3695	0.123	0.0015	1.4885	0	0.013
1190.5	137.74	11.55	61.155	21.2775	526.15	7.815	4.01	345	165	452.5	45	2392	1239.5	8.645	2.064	29.8195	166.5	144.5	0	74.2	3.9	464.5	235.5	2255	2181	122.15	283	30.5	7.3	2034.37	1.4565	1.961	1.625	0.169	0.004	0.9745	0.057	0.0825
861.5	194.73	10.45	73.74	26.057	270.95	7.83	0	313	555	1509.5	92.5	5217	634.5	7.28	3.178	40.244	214.5	140.5	6.375	109.8	0.6	458	256.5	2692	2178	82.65	101	27	0	2646.185	2.642	2.996	1.2845	0.25	0.0105	0.9445	0.0015	0.004
1300	88.96	11.35	86.02	22.9015	405.25	7.975	0	207	109	230	3	1.5	254	9.775	1.7125	20.674	333	192.5	0	50.1	2.8	557	223	3179.5	1981.5	120.65	173.5	5	0	2100.77	1.397	0.6745	1.8415	0.4235	0.0215	3.1455	0.002	0.03
1286.5	196.565	13.05	73.74	26.6095	313.65	5.925	0	758.5	233.5	3606.5	127	3333	6668	9.96	1.7115	16.6695	332	183.5	0	105.6	5.45	987.5	244.5	3645	2136.5	102.7	13.5	2.5	0	2611.04	2.862	0.6655	1.2905	0.1375	0.0045	1.213	0.001	0.0445
972	191.14	20.1	71.63	22.5105	309.35	6.35	0	511.5	805	2185	59.5	6647	874	15.88	1.511	23.7385	384.5	122	2.395	59.4	3.55	688	229	3221.5	2344.5	79.05	0	0	0	2564.89	1.242	2.343	0.79	0.2465	0.036	2.2165	0.0015	0.017
832.5	146.74	13.35	78.515	19.3135	233.15	10.83	0	450	1063	2892.5	71	1389.5	864	10.22	1.2235	14.1695	303.5	142	0	27.55	2.9	480	255	2698.5	1622.5	149.15	79.5	88.5	0	1740.26	1.0615	0.423	0.576	0.219	0.0105	1.979	0.0025	0.1305
1917	198.195	13.5	149.62	40.9065	339.45	10.275	0	191.5	51.5	125.5	4.5	0	141.5	13.645	7.276	96.686	346	140.5	18.565	21.2	1.25	384.5	254	5510	2568.5	125.25	381	0	0	3262.47	2.266	2.536	1.596	0.711	0.0495	3.92	0.0015	0.012
1525.5	240.915	16.6	28.055	10.81	700.5	4.775	0	10021.5	146	1174.5	148	17.5	3449	17.095	6.1895	31.928	846	546.5	1.04	178.4	6.15	817.5	248.5	2073.5	3184.5	103.5	141	2.5	0	2468.775	0.7975	0.2395	0.301	0.042	0.004	0.6035	5e-04	0.001
1746.5	116.565	12.5	93.02	30.939	676.35	9.08	0	512.5	94	3129.5	44.5	10297.5	4515	14.68	2.8535	30.9345	416	337	0.06	22.15	5.5	880	333	4856.5	3918.5	177.35	130	15.5	0	3818.605	1.7545	0.2915	1.856	0.454	0.0265	1.486	0	0.058
1463	194.24	16.65	48.525	11.77	517.4	6.58	0	818.5	653	2959.5	219.5	1983	1974.5	23.625	1.958	35.353	778	242	2.02	107.65	20.35	525.5	303.5	2157.5	3030	143.9	37.5	35	16.95	3014.445	0.9535	0.1635	0.8465	0.81	0.073	1.3175	0.1055	0.6465
980.5	238.085	12.25	77.005	22.2795	221.55	8.955	0	146.5	42.5	179.5	1	1819	170	10.76	1.3295	22.713	362	149.5	0	21.1	1.85	723.5	240	2478.5	2137.5	94.1	11.5	121.5	0	1847.045	1.2	0.451	0.7115	0.3475	0.037	1.896	0.0015	0.0115
2339.5	250.18	18.25	97.275	28.6605	570.1	10.255	2.475	674	24.5	354.5	30	144.5	654	18.85	3.5815	35.913	743.5	189.5	1.05	42.5	8.85	1494	446	3840	3172	173.45	79.5	16.5	0	2394.885	2.108	0.472	1.667	0.4775	0.0795	2.2475	0.002	0.0315
1124	238.9	13.8	93.995	28.241	348.7	8.58	0	353.5	440.5	1147	60.5	4	554	10.92	1.703	25.122	446.5	181.5	0.78	31.3	7.1	517	240	3562	2161	129.65	32.5	0	0	1424.015	0.9135	0.179	1.417	0.6955	0.0305	1.542	0.016	0.103
1390.5	130.87	11.9	118.675	42.7045	421.45	9.955	0	627	73	4778.5	88	1219	6054.5	11.31	2.1015	33.395	454	315.5	0	95.9	2.05	600.5	255	6271.5	2924	126.4	189	0	59	2661.795	2.7805	1.9615	2.193	0.6315	0.043	1.6025	0.0015	0.0215
1858.5	325.88	20.5	135.535	50.1975	630.85	9.94	0	860	64	670.5	51.5	1067.5	811	14.95	3.583	36.3495	514.5	288.5	0	71.15	6.4	1340.5	449.5	4343.5	4282.5	159.85	340	25.5	25.75	3472.29	4.938	1.301	1.7625	0.6925	0.0485	1.1	0.0845	0.0605
1556.5	254.875	35.8	136.195	24.5135	331.45	20.225	1.715	672	123	3129	82	1680	3457.5	23.78	1.8645	45.8625	957	455.5	2.875	123.4	2.25	756.5	534.5	3149.5	3839	112.2	202.5	63.5	26.85	2374.855	0.1735	0.0395	1.666	0.703	0.06	1.8915	5e-04	0.0285
619	105.28	7.6	34.215	11.2125	115.4	2.715	0	169.5	19	1414	0	554.5	1409	5.405	0.815	18.577	193.5	113.5	0.015	20.8	0.65	536.5	152	1922.5	1210.5	71.4	92	83	0	1705.625	0.5815	0.1505	0.3195	0.0635	0.015	1.121	0	0.035
1137.5	256.935	19.6	83.625	31.655	359.1	12.335	6.215	769	65.5	887	37	1158	706	17.675	1.6705	22.3275	582.5	293.5	6.385	80.25	11.8	2157	350.5	3690.5	2829	112	92	0	0	2576.305	3.767	8.2955	1.302	0.2315	0.0215	1.6755	5e-04	0.019
1210	356.76	20.15	83.945	23.711	192.3	6.15	0	526.5	21.5	261	31.5	846.5	438	13.04	1.1725	20.352	319	171.5	0	23.1	0.7	797	343.5	3065.5	2011.5	103.55	84.5	3	0	3724.885	1.7405	0.483	1.01	0.2755	0.022	0.94	0.0015	0.0015
1821	223.23	29.05	101.345	39.7245	316.4	7.415	0	773.5	20.5	1894	40.5	4112.5	2223	12.535	1.982	12.7045	485.5	344.5	0	37.15	8.85	1917.5	317	4092.5	2719.5	113.55	0	0	0	2065.07	4.3505	1.321	1.3345	0.308	0.005	1.969	0.007	0.028
1038.5	185.39	12.8	77.22	27.997	332.85	7.605	0	576.5	756.5	2232.5	52.5	1719	692	11.87	2.0355	20.0925	417.5	176	0	55.05	2.3	398.5	258	2401	2629.5	101.7	357.5	44	17.5	1709.43	2.7835	0.783	1.061	0.18	0.0115	1.7235	0.0025	0.0085
1344	201.905	17.35	70.76	24.3065	300.8	8.56	0	642	11.5	4572.5	17	5064	7998.5	13.02	2.1485	22.2575	606.5	335.5	0	26.05	1.05	1083.5	335	4032	2274.5	110.95	272.5	0	42.5	4303.06	2.54	1.6575	0.98	0.209	0.006	1.269	0.039	0.0165
1640.5	288.845	15.9	49.845	15.605	331.45	4.695	0	859.5	1528.5	3861	5.5	703	814.5	18.095	2.514	36.765	708	184	1.29	147.6	9.05	1199	326.5	4120.5	3378	161.1	0	0	0	2242.825	1.262	0.3465	0.9045	0.1845	0.001	1.292	0.0015	0.0345
924.5	103.385	19.55	107.97	24.8475	387.15	12.28	0	520.5	47.5	3012.5	248	2284	6050	9.26	1.8635	11.748	390.5	357.5	0	125.85	3.3	682.5	262.5	3208.5	2578	70.35	343.5	34.5	0	3057.315	1.2025	0.2405	1.8635	0.2625	0.01	3.0905	0	0.059
1801.5	261.715	23.55	130.4	34.377	498.1	14.645	0	273.5	80	435.5	226	1958.5	843.5	14.01	2.2835	35.6955	442	319.5	0	147.15	4.8	665.5	368.5	4652.5	4292.5	126.15	271.5	50	0	2581.525	1.196	0.1625	1.826	0.546	0.0185	2.949	0	0.037
1562.5	301.2	22.6	139.175	32.5145	524.4	14.125	0.085	435	94.5	1132.5	47	2569	1409.5	20.29	1.814	45.9205	651	337.5	1.34	126.8	20.4	474	379.5	4261.5	4450.5	137.95	65.5	0	35.1	3817.95	1.4585	0.299	2.1115	1.226	0.093	4.3185	0.117	0.5365
1088.5	136.145	9	67.84	17.89	451.15	6.035	0	294.5	28.5	432	53.5	0	816.5	9.385	1.9725	26.2175	294	144.5	0	58	3.05	407.5	181.5	3251	1982	172.8	107.5	0	21.15	2217.42	1.1545	0.306	1.033	0.27	0.084	2.164	5e-04	0.038
1711.5	213.675	14.75	97.915	35.8665	286.15	8.38	0	470	12.5	273.5	8.5	4729.5	249.5	15.72	1.7185	31.4955	404.5	153.5	0	31.9	2.35	930	273.5	4928	2615.5	103	138.5	51	0	3171.62	2.821	2.596	1.4685	0.421	0.024	1.6045	0.0025	0.0085
889	126.235	9.1	55.115	15.2895	483	6.175	0	524.5	39	1942.5	80	2850	4577.5	8.195	1.6335	11.965	267.5	201.5	0	92.45	3.9	488	188.5	2074.5	1923	84.6	120.5	19.5	14.4	3413.235	0.779	0.193	0.7745	0.1765	0.0025	1.155	5e-04	0.077
1144	157.27	14.1	57.08	16.388	302.7	5.15	0	243	44.5	436	58	4214.5	603	10.985	1.7255	27.514	347.5	187	0	145.3	1.75	732.5	248	3026.5	2376	115.8	220	8.5	0	2546.57	0.8865	0.319	0.961	0.179	0.004	1.696	0	0.029
