Var	PC1	PC2	PC3	PC4	PC5	PC6	PC7	PC8	PC9	PC10	PC11	PC12	PC13	PC14	PC15	PC16	PC17	PC18
DR1TCHL	0.277244258164262	-0.0984068046362455	0.189937236054835	0.159903992607877	0.118103936074504	0.00333472342159497	0.0331565072347174	0.0761037245662436	0.0807255726131669	0.0338933510670592	0.041436743749696	-0.117355614117418	-0.236906445623182	0.0983301028458605	-0.14926289202866	-0.112639848266127	0.154207294810785	0.124628205906083
DR1TPOTA	0.276573739074192	0.113591778100247	0.083010242543145	0.090038917139869	0.253639233167897	-0.0700574594921857	0.0107944932666478	0.0228785555138661	-0.127194218521734	-0.101505181237706	0.0488831971756565	0.0127137349928008	-0.270123471240278	-0.1598070294007	0.277596901876124	-0.122272340403166	-0.019196034853052	0.553882671589728
DR1TFIBE	0.259472643479552	0.0870078109201288	-0.0960984181798144	-0.194504888638815	0.196752070536445	0.0647750341883896	0.0385315714066254	-0.285060589077897	0.0358782799327776	0.157531916716939	-0.0522333859944547	0.0565602328394798	0.162363971750147	-0.148384893020528	0.137901395570017	-0.258849512183815	0.138600371729996	0.0151015068019961
DR1TTFAT	0.255858440735069	-0.128421416841602	0.208427822266183	-0.0673029831385783	-0.232073403341233	-0.0157134719399952	-0.0603082819981956	-0.128117761320116	-0.0242354234699282	-0.114751670234801	0.00251413859591027	0.0353918552134024	0.176572649025607	-0.0196032452986256	0.057077192125133	-0.447270530923673	-0.256235403875269	-0.414254908029671
DR1TSODI	0.297355127456492	-0.0456433265454523	0.00342808216062179	-0.0575256181081764	-0.131430753843412	-0.0155394219825479	-0.178189282424454	-0.218666319276137	-0.0310322678147708	-0.130716825446693	0.234829828646533	-0.0426384884742637	-0.00336617977929383	-0.200799853133474	-0.00432397954077672	0.0256661209576954	0.117233672840526	0.205555805941301
DR1TCHOL	0.257394789658767	-0.249936522826891	0.0794488600919724	-0.00400145115933957	-0.11722515670884	-0.0560241734703802	0.088318909858654	-0.0223660027548372	-0.128799660347614	0.199348548619739	-0.169105407885899	-0.143082124671468	-0.219772786878131	-0.0271745175191843	-0.373169703203814	0.0894165720312585	0.0403218601260241	-0.0518377735879181
DR1TFA	0.0432690324198572	0.176766275769831	-0.261192840196641	0.122744024588751	-0.37793961110107	-0.109104442124674	-0.378137981926084	-0.0607761626403643	0.212203746126209	-0.00179188952681697	-0.159127937399789	0.15862317367198	-0.100531732087668	-0.0570048976217823	0.0795379912245894	0.0476788294640364	0.0499388508310629	0.0851222583073549
DR1TRET	0.118878969481459	0.197089844616848	-0.184061592150176	-0.224697799618553	-0.2983282085195	-0.011060776527858	0.0817695777550127	0.33049983554992	0.00591221489825087	-0.03322340138406	0.54563474463082	-0.0397897367066942	0.0426900604880378	0.0416671409329052	-0.0189372248998264	-0.297953764306565	-0.223037752936437	0.141369847371953
DR1TBCAR	0.111768261188551	0.25652472956674	-0.122130020421534	-0.200092649936811	0.314527395400901	0.193032916570483	-0.243471919956667	-0.147847825918727	-0.145401789978368	0.179437407752567	0.0265229001904159	0.314987616348581	0.0751647330525617	-0.113832620660796	-0.240215098648128	0.242127041385931	-0.37691314037187	-0.00566937504443606
DR1TCRYP	0.126206851930115	-0.141645450783151	-0.135213787354289	-0.171840678968363	0.269711380776488	-0.361680280632994	0.170754751446282	-0.130981912808035	0.426433931683203	-0.026296047527787	-0.0333301991228508	0.356606709476385	0.0599548161549963	0.398409654652562	-0.0342149448064158	-0.181235962053244	0.129079379661216	0.00752394144873202
DR1TLYCO	0.215474270331906	0.154356701281378	0.103046369226655	-0.217756366301518	-0.119201098915458	-0.00644511776741306	0.277404788199316	0.104612568733682	-0.0735889192685728	-0.332076683324371	-0.486894738886311	-0.0768040577667248	0.160858535603223	0.0197586825053843	0.327968499200634	0.246914337145056	-0.0912608488293554	0.056948870523502
DR1TLZ	0.0148678141950702	-0.289216672612626	-0.158524114875219	-0.171982624340966	0.173536945183919	-0.00637514611851536	-0.142243680376765	0.40674437319914	0.229438853925004	0.47487173332215	-0.217554166641127	-0.237312391841351	0.00707195381236395	-0.298297849285575	0.224371436187683	-0.149119621777575	-0.0773883622371111	0.0187597391257397
DR1TVB6	0.233509881162338	0.256755093826878	0.00899869933250151	0.0754074218490394	0.118343485504277	-0.112356030213536	-0.0402609941570543	0.263189338010258	-0.0687536791691338	-0.259406620896215	-0.267556580080587	0.0322712416608607	-0.0062828664658763	-0.290356752727835	-0.194989941156968	-0.237356403173515	0.0126521113867099	-0.250117333176132
DR1TFDFE	0.143527577001108	0.163106080309314	-0.210168901184571	0.304703749157628	-0.205611978697862	-0.153365742658097	-0.323191757135588	-0.0188250732882493	0.158229108188898	0.0768168796156651	-0.170480556486211	0.120701355118335	-0.136394982857223	0.0219935528008655	0.0543420080755361	0.0119216275808387	0.0737656123057628	-0.0863557234669793
DR1TMOIS	0.212942189248745	0.0423267249896428	0.152036924761369	0.342641144041636	0.139149097247691	-0.0850121356007953	-0.0853124147741602	0.101147493088227	0.0706493868773764	0.17551158165994	0.209169251859284	-0.0109213380020334	0.598250493408952	0.0337369920380025	0.267822619687116	0.26706324239593	-0.00508363783326211	-0.0497933604787213
DR1TVB12	0.230376014016491	0.109200255353189	0.0125792391949796	0.1488706803355	-0.126255846514075	0.244209854044073	0.314795947181986	0.203942878415708	0.307292552492774	0.113315073968658	-0.00717778229673146	0.0996284654293541	0.209635299705855	-0.182816330196805	-0.457605002166761	0.112933616788689	0.0855815769635176	0.0885056986360327
DR1TB12A	0.0563237496777403	0.349863728905092	-0.172861344122999	-0.209813856824364	0.0693267717482934	0.290444478584129	0.0733749223886362	0.253572787159714	0.0866972075042197	0.0290094907244584	-0.0880122430892165	0.0375734023668062	-0.16139308630085	0.365767424832973	0.0352393047147844	0.036362015922337	0.087519688363861	-0.0350690061360466
DR1TVC	0.201118177668954	-0.0273889726669016	-0.21571134452862	-0.180900673307859	0.204265889059003	-0.37206584157109	0.0464443458676117	-0.0738806561829664	-0.182419235446171	-0.0181402966662064	0.131449069916309	-0.0488067098679064	-0.157734296936286	-0.122343773093734	-0.0901894282286303	0.252206370217761	-0.0964950232169799	-0.258497621067111
DR1TVD	0.147788945242814	-0.0429498000900888	-0.376426030643771	0.166510966073381	-0.0245041943935148	0.281773864879797	0.236230474287435	-0.0621796595561167	-0.0926482712437123	0.131056633030932	0.084072673774152	-0.070829470837741	-0.191510629471668	0.0745060975331879	0.312664676414216	-0.00656557629313673	-0.0599839666787546	-0.323091098865966
DR1TVK	0.167988937093309	-0.308863424027144	-0.0830802212210106	-0.0888444604076925	-0.0524645456146015	0.113910597916499	-0.360107189730977	0.142945555010069	-0.274254368440859	-0.0207726575107811	-0.227295098914007	-0.00614389739879296	0.222294656305815	0.439537217526878	-0.165926367770265	-0.077662543917884	-0.202523984776298	0.265443331389325
DR1TCALC	0.256448357813372	0.0675026879195486	-0.164953617213346	-0.0634253122999435	-0.157747256464558	-0.293043433772458	0.0476655852822672	-0.00626857032330069	-0.0878623566604209	0.119152310761615	0.0921352966426532	-0.397565848966819	0.0349503147415292	0.229268036803245	-0.0251323820385881	0.266001009538253	0.0717882481148887	-0.0206493629460506
DR1TSELE	0.240055561125647	-0.13465769601261	-0.0834172153167903	0.234384410189042	-0.104927888317238	0.167605694154166	0.258947369607756	-0.229570340476664	-0.0463100534870292	0.0876367156598512	-0.0687923050788021	0.143256362349908	0.0147562954048564	0.0836934829688934	0.0479223213759386	-0.0261990533397854	-0.0676421277180462	0.119748096551784
DR1TCAFF	0.0815588818137463	0.134623578256442	0.2569661745825	0.368899527604308	0.258880629004101	-0.0825391982979298	-0.10115345630778	0.260568430324989	-0.0612146560064785	0.00318609217655956	0.0897072309670294	0.0387164064479857	-0.220908168943314	0.277920239786169	0.0278951406215939	-0.0499030267156514	-0.200076200683057	-0.182284039504813
DR1TTHEO	0.142118475282284	-0.189862512765639	0.233394031646986	-0.219600762237387	-0.191891575147588	0.0504989528677932	-0.0544670640967948	0.286417540442483	-0.275302242096309	0.159680429697935	0.121998179257649	0.554933470408433	-0.124447476002755	-0.0434011047633897	0.196584364137947	0.167864178276658	0.39213250446055	-0.141751783409618
DR1TS120	0.148204066141231	-0.155094648373807	0.306627523086807	-0.180733828840751	-0.0920076932276423	0.131613451792329	-0.0863039723562483	-0.0659030933337293	0.52438815506364	-0.0925483496860234	0.0804639230459598	-0.0053204358980639	-0.283983944149522	-0.0150256519872784	0.114675138757946	0.297031842767534	-0.415826155484126	-0.0422772859882489
DR1TM221	0.148414902104523	0.180052638592063	0.190657509177686	-0.164526573925796	0.123488409624083	0.372832676222908	-0.312094540226426	-0.201419555225848	0.080771195465516	-0.00134736583311973	0.0539628745717568	-0.337367094746734	-0.000995097557865393	0.140023904935191	-0.00341208436502904	-0.0563275672896843	0.383598828680932	-0.169312635423139
DR1TP205	0.0533206131991628	-0.294339176522665	-0.266977282641412	-0.0128490637386265	0.186274774516885	0.0714917237247109	-0.160386260993968	0.235520272024953	0.151929715610342	-0.533516048441343	0.161687657849594	-0.0400009013227024	0.102328793563999	-0.0800755287800551	-0.0460861405373712	0.160713454657725	0.212824636916996	-0.0893598885337245
DR1TP226	0.0616618406058811	-0.280640508858241	-0.279513963382723	0.234282074313665	0.103357138243955	0.322700130615023	0.0155745158086093	-0.0285064682390135	-0.0632386391431063	-0.218530409427315	0.0166177812590106	0.0774461989576488	-0.0599978376626905	-0.0591665100984716	0.0351717988326598	0.00506794571832367	-0.0831592843597336	-0.0154048265755824
