Variables	Min	FirstQu	Median	Mean	ThirdQu	Max	SD
UserName	not_numeric	not_numeric	not_numeric	not_numeric	not_numeric	not_numeric	not_numeric
User_Day	not_numeric	not_numeric	not_numeric	not_numeric	not_numeric	not_numeric	not_numeric
RecallNo	1	1.25	2	2.1	3	3	0.875595035770913
FoodAmt	1395.2	1795.3256375	2126.4125	2101.106365	2492.0625	2663.2628	453.075055604223
KCAL	1323.1402005	1513.968125	1858.8539375	2009.55828835	2543.624981	2772.64575	572.81908819489
PROT	38.549255	62.5154271875	104.327799595	102.558354974	133.8356201	185.576385	46.1924361373999
TFAT	40.533522345	81.317705	88.768450625	99.0999997395	112.94470345	177.16881	36.3573255698099
CARB	61.39264	109.65902235125	182.2645025	172.9463346665	244.51112125	281.3244275	81.8330766396201
MOIS	1049.907645	1500.93441358125	1747.51903125	1698.5683138035	1995.30916375	2176.9113	386.779665732288
ALC	0	0	2.295	5.3034	11.409	14.04	6.2666778758765
CAFF	0	5.215	36.72	77.557	144.36	229.71	94.2819895667601
THEO	0	0	0	9.0565	3.78	48.175	18.0155883195637
SUGR	8.5319034	27.1709615625	42.79479758	50.360310231	58.02169125	111.7801625	34.0754293955649
FIBE	11.4265	12.9858375	14.5979784	18.14219077	20.9106596	33.903775	7.81282369964599
CALC	241.6400305	697.35771875	853.060221	838.63845975	942.1036875	1493.7225	330.345340373097
IRON	7.31352	10.716548125	12.82771	13.6528119775	16.0105396875	22.7809112	4.53839690846704
MAGN	172.051	249.66965725	316.249125	304.277751	372.19753125	407.226	88.4786015718347
PHOS	808.23875	1135.74615625	1830.2892	1645.1908436	1996.04505825	2524.6525	562.640592491685
POTA	1515.30975	2219.041875	2879.438776	3053.24922495	3638.053875	4653.9535	1078.06458929952
SODI	2550.0885	3926.66475	4380.1321875	4859.31763695	5162.3920625	10280.607304	2099.10512133105
ZINC	5.6415325	7.45464809875	10.302785	11.2011364025	13.550110625	22.2833425	4.94355564512022
COPP	0.55893725	0.994104211625	1.23938675	1.40961490915	1.9510141875	2.4030875	0.61368301200664
SELE	42.7607	112.2768875	140.3761625	147.344801885	176.7879323125	249.34355	66.5722048231202
VC	12.734	56.75365625	72.8005264	96.09067278	112.978	237.6015	67.1823570374013
VB1	0.7786680305	1.2134864375	1.525888125	1.70428713955	1.596523055	4.570951875	1.06263131300888
VB2	0.94949825	1.39981596875	1.99151325	2.05337372515	2.662997543	3.336335	0.772996694724685
NIAC	10.92888775	17.50739765575	20.545126975	25.0999341741	30.45267525	56.9373245	13.6968659518963
VB6	1.268744258	1.5268415625	2.097294957	2.2266326672	2.4822526875	4.6696245	0.983498824558488
FOLA	247.306119	309.357375	360.615125	408.6074538	445.877375	846.671544	173.930662384133
FA	0	7.9575	61.82	84.154	120.85375	238.975	87.9665802323688
FF	148.79875	188.40458925	310.68475	325.3274538	409.131125	607.696544	152.11652436046
FDFE	268.378	364.33025	404.545	467.0159538	512.9994375	1011.781544	210.383718035895
VB12	1.8099	5.084650625	7.048195	8.88191975	10.61395375	19.81256	6.09624598596847
VARA	250.63325	376.91340625	623.541	652.6416425	832.3890625	1379.5133	341.895121209949
RET	144.12	179.021125	497.346375	428.01335	601.58925	771.26875	236.535466367073
BCAR	535.406	1117.9723125	1661.7785	2401.0717743	2797.99334375	7519.363368	2066.31736816717
ACAR	47.5655	96.4850625	244.0120625	533.9794375	526.00625	2296.582	724.471715682057
CRYP	5.4	26.243	45.5095	55.9413375	81.681875	138.09025	42.4810126145448
LYCO	0	1.76	543.987	2812.835225	3557.529	12458.46525	4206.1537827334
LZ	223.775	901.5480625	1867.1745	2646.2881875	3381.35940625	9208.122	2633.86722542953
ATOC	4.336925	8.0532775	9.109375	10.243356646	12.976419375	18.987955	4.59020416713995
VK	83.42985	93.8182125	225.0540675	208.021236	281.98355625	381.36535	112.083268753138
CHOLE	63.277	214.5699375	497.6415	515.26235	708.4148125	1141.613	366.584897167825
SFAT	8.1353273705	18.19248425	22.65342147	25.84779325605	30.59229975	49.29158925	13.0493004959424
S040	0.01328	0.12195175	0.367241875	0.38762835	0.50664	0.89439525	0.307066764248908
S060	0.00488	0.0739599375	0.203457625	0.2429569	0.353124375	0.5700655	0.203025602655805
S080	0.00596	0.09709575	0.192135375	0.1965925375	0.27108615625	0.37790675	0.124697394257225
S100	0.01588	0.15573225	0.3469855625	0.4111568375	0.6308559375	0.864442	0.299672895902256
S120	0.015633	0.11142909375	0.346788875	0.4063055625	0.6288624375	0.96267125	0.331630234686244
S140	0.195533	0.600332288	1.3953625	1.7720377134	2.65000625	4.47155725	1.50502684185937
S160	5.700537493	11.08688178125	14.289511586	15.270086954	17.2492125	26.4301445	6.71580401106676
S180	1.8421333095	3.9676915	5.775616278	6.25895738655	8.080238625	13.3311665	3.46172389595652
MFAT	13.418409748	29.094586375	34.0583044375	35.9494363943	43.1838155175	62.51199	13.123548532073
M161	0.3996655	1.0001573125	1.191756216	1.4668778182	1.9846539375	3.290175	0.903170497026429
M181	12.46909718	27.14291175	32.9689243125	33.1393464127	39.496625018	55.905067	11.6322174668291
M201	0.220847	0.29196028125	0.427509	0.6257428813	0.561924422	2.453269	0.661153867005612
M221	0.0045	0.013884875	0.040869	0.083076275	0.13408875	0.27732	0.0943975044297348
PFAT	14.3517419855	21.1448310625	27.677882875	28.79924284885	34.16395596875	54.34961	12.0726759530127
P182	11.668211989	18.163482875	24.232769375	24.457944584	29.75634646875	43.3873295	9.62377749946434
P183	1.40256875	2.0838630625	3.099022375	3.22800138425	3.613950125	7.337705	1.73572613951047
P184	0	0.0001063125	0.003202	0.04399295	0.0405210625	0.299376	0.09371075233374
P204	0.038623	0.090776875	0.266505	0.2568895652	0.365492875	0.581173652	0.181844295596861
P205	0	0.000865	0.007716	0.1567302856	0.2462475	0.757824	0.245607077211932
P225	0	0.0088095625	0.02360725	0.055122875	0.079267	0.21972	0.0699636465337188
P226	0.00114	0.010030125	0.057233	0.34275955	0.521667	1.4646	0.486767531736229
VITD	2.102	3.477	7.1175	12.683225	16.404825	49.6206	14.8126829595827
CHOLN	167.158	272.739853125	573.8244625	563.534644805	743.5069701375	1061.96388	326.454854004658
VITE_ADD	0	0	0	0.68564	0	6.8564	2.16818405491785
B12_ADD	0	0	0	0.9789	2.017575	3.24	1.3355245261694
F_TOTAL	0	0	0	0.2472275	0.33290625	1.4256	0.456278176367407
F_CITMLB	0	0	0	0.068955	0	0.5244	0.16823329114655
F_OTHER	0	0	0	0.1350725	0.0882	0.9936	0.311982396772371
F_JUICE	0	0	0	0.0432	0	0.432	0.136610394919274
V_TOTAL	0.88695	2.043934375	3.03598	3.295665375	4.18475125	7.08473125	1.77018083491941
V_DRKGR	0	0.0024975	0.016195	0.308143	0.6535875	1	0.41849094483898
V_REDOR_TOTAL	0	0.0793875	0.2201125	0.4260575	0.7413875	1.48535	0.486246057403325
V_REDOR_TOMATO	0	0	0.02225	0.33961	0.6763875	1.48535	0.528839057012833
V_REDOR_OTHER	0	0	0	0.0864475	0.0848625	0.434	0.148342333270978
V_STARCHY_TOTAL	0	0	0.21023125	0.7879325	0.909721875	4.6146	1.42725218805422
V_STARCHY_POTATO	0	0	0	0.69052	0.706875	4.6146	1.46181144535736
V_STARCHY_OTHER	0	0	0	0.0974125	0.1288625	0.4248	0.150482459756759
V_OTHER	0.50424	0.8278453125	1.4193175	1.773532375	2.510339375	4.4355	1.25562807455412
V_LEGUMES	0	0	0.012	0.1758725	0.15628125	1.0853	0.345731875971106
G_TOTAL	0	0.619275	4.6802	4.12864	6.8404	8.7728	3.41997433395178
G_WHOLE	0	0	0	0.3616	0	2.0638	0.771798021937519
G_REFINED	0	0.619275	2.8722	3.76704	6.8404	8.7728	3.44816350224612
PF_TOTAL	0.6446	5.7366184375	9.52935	10.158163625	12.8951475	25.130085	6.9044121785197
PF_MPS_TOTAL	0	3.4449425	6.724515	7.005548	9.349995	17.63526	5.53724606499135
PF_MEAT	0	0	0	1.03698	0	6.5898	2.28425988101179
PF_CUREDMEAT	0	0	0.1008	1.245483	1.916475	6.00453	2.00623609051627
PF_ORGAN	0	0	0	0	0	0	0
PF_POULT	0	0	0	1.23269	1.8954	5.7635	2.1265605033324
PF_SEAFD_HI	0	0	0	1.741257	1.7959725	11.32866	3.5170563573662
PF_SEAFD_LOW	0	0	0	1.749138	1.856625	11.54056	3.6635689495894
PF_EGGS	0.11895	0.2895	1.78265	1.715985	2.42815	5.4066	1.6419817860084
PF_SOY	0	0	0	0.70408	0.168	3.397	1.40987770060621
PF_NUTSDS	0	0	0.1708	0.732550625	0.7138125	4.811625	1.47645246710081
PF_LEGUMES	0	0	0.048	0.7052775	0.62765625	4.35105	1.38617287163705
D_TOTAL	0.0244	0.4424	1.01726875	1.21994025	1.434876875	3.7155825	1.12296804168527
D_MILK	0	0.169225	0.402	0.494807	0.55825	1.41182	0.455932132182704
D_YOGURT	0	0	0	0.11023625	0.094171875	0.57	0.206728988792795
D_CHEESE	0	0	0.2653	0.519917	0.805225	2.1503325	0.695767473974883
OILS	12.03665	27.57105	48.51567148	45.347565171	63.0525715625	77.094175	22.6283167865505
SOLID_FATS	2.4395775	11.69209	18.78029	27.586448	41.379171875	71.558025	22.1691024139792
ADD_SUGARS	0	1.032255	3.76806	6.3655915	8.2758575	23.936835	7.76494973635805
A_DRINKS	0	0	0.1647	0.38046	0.8184	1.008	0.449796260544705
Gender	not_numeric	not_numeric	not_numeric	not_numeric	not_numeric	not_numeric	not_numeric
Age	25	29.5	43	46.6	60	71	18.2220867203634
Weight	53	73	85	80.4	95.5	99	17.3602355334764
Height	163	169	169	169.6	173.5	175	4.42718872423573
BMI	19	27	30	27.8	31.5	32	4.98442017133833
Waist.Circumference	75	89	89.5	90	98.25	101	9.52190457139047
