F_CITMLB	F_TOTAL	F_JUICE	V_DRKGR	V_REDOR_TOTAL	V_REDOR_OTHER	V_STARCHY_TOTAL	V_STARCHY_OTHER	V_OTHER	V_TOTAL	PF_LEGUMES	G_WHOLE	G_TOTAL	PF_MEAT	PF_CUREDMEAT	PF_ORGAN	PF_POULT	PF_SEAFD_HI	PF_SEAFD_LOW	PF_TOTAL	PF_EGGS	PF_SOY	PF_NUTSDS	D_MILK	D_YOGURT	D_CHEESE	D_TOTAL	OILS	SOLID_FATS	ADD_SUGARS	A_DRINKS
0.5184	1.1951	0	0.256275	0.1397	0	0.45	0	0.936335	1.78231	1.345882	0.1934625	8.058195	1.7849475	4.2063	0	2.555	0	0	9.3202975	0.77405	0	0	1.147925	0	0.1854	1.345925	29.755514	46.262233	8.2244745	0
0	0	0	0	0.4059665	0.0431165	0.305	0.305	0.959503	1.6704695	0	0	8.89844	1.39685	0	0	0	0	11.0985	14.55263	2.05728	0	0	0.0561	0	0	0.0561	42.0873	38.9967245	21.821656	8.328
0.5138	0.765425	0	0	0.0315	0	0.0195	0	0	0.051	0	0	1.1528	0	0.3024	0	2.1735	0	0	2.4759	0	0	0	0	0	0	0	6.0246	21.930309	14.150275	0
0.2052	0.2296	0	0.08025	0.502625	0.1167	0.4761	0.22935	0.315025	1.374	0.10845	1.8708	5.36075	0	0.7021	0	2.989	0	0	4.512923	0.504623	0	0.3172	0.0308	0	0.24675	0.27755	12.25571	6.455338	1.949758	0
0	0.713	0.713	0.65325	0.3435	0	1.05295	0.51545	0	2.0497	0	0	3.7016815	0.54375	0	0	4.238	0	0	4.810288	0.028538	0	0	0.79109	0	0.36425	1.16684	7.0778105	45.477277	17.974341	0
0.2592	3.006475	1.917425	0.636525	0.334248	0.032031	0	0	0.27	1.240773	0	0.055106	7.555805	1.2825	0.2016	0	0.02684	0	0.6	2.738444	0.614904	0.0126	0	0.785845	0	0.4755295	1.2667745	24.560073	42.903982	10.547517	0
0	0.3953	0	0	0.0145	0	0.2559375	0	0.0902	0.3606375	0	0	1.249988	0	2.99355	0	0.825	0	0	5.16505	1.3465	0	0	0.0649	0	0.1804	0.2453	9.5607625	13.40055	5.84515	0
0	1.5203	1.125	0	0.08845	0	0	0	0.113006	0.201456	0	0	2.6729	0.45425	0	0	7.30275	0	0	7.8105	0.0535	0	0	0	0	0.4705625	0.4705625	19.85775	12.381817	14.7096	2.2125
0.0168	0.4198	0.403	0	0.2655	0	1.170875	1.0615	0.8517125	2.2880875	0.950025	0.6496	7.334049	0	2.3822	0	2.37135	0	0	8.480972	2.725022	0	1.0024	0.365104	0	0.6174	0.982504	44.51539	68.5517875	35.679372	0
0	0.868	0.868	0	0.316575	0.12765	0.127575	0.08505	0.243175	0.687325	0	0.216	7.456904	0.6461	0.9884	0	1.063125	0	0	4.014641	1.317016	0	0	1.954778	0	0	1.954778	24.951842	31.961688	18.660984	0
0.018375	0.26245	0	0	0.2622	0.2032	0	0	0.10325	0.36545	0	1.9635	6.7027345	1.2426455	0.4942	0	0	0	0	2.427568	0.1152	0	0.5755225	0	0.2205	0.4935	0.714	7.403214	25.746892	4.7821835	0
0.2052	1.7632	1.333	0	0.57456	0	0.8333375	0	0.0792	1.4870975	0	1.06845	15.33254	0	3.7137	0	0	0	0	5.34125	1.62755	0	0	0.035512	0	3.787144	3.822656	55.570184	79.7158385	16.683254	0
0.0255	0.4463	0	0.488482	0.5058745	0.3654425	0.019378	0	1.191047	2.2047815	0	0	3.0702215	0.9901185	0	0	0	0.524286	3.99151	7.4674345	0.68323	1.27829	0	0.698568	0.306	0	1.004568	40.684403	15.0418955	15.50823	0
0	0	0	0	0.27255	0	0.3575	0	0.19878	0.82883	0	0.204	5.8107	0	0.328	0	1.6541	0	0	2.00695	0.02485	0	0	0.1607125	0	1.1152	1.2759125	31.7514	19.2216	6.373425	0
0	0.022	0.022	0.198349	0.1809125	0.03515	0.1206475	0.1206475	0.8797955	1.3797045	0	0	8.5272705	3.0663125	0	0	1.126863	0	1.1554865	6.953737	1.345575	0	0.2595	0.08025	0	0	0.08025	23.9274025	8.856875	4.436304	0
0.050732	2.300782	0	0.2726875	0.38555	0.11	0.07	0	0.084768	0.8130055	0	0.169168	4.580732	0.295157	0	0	0.99	0	0	2.028431	0.638934	0	0.10434	1.43955	0	0.833	2.27255	23.6378475	15.034381	6.011093	0
0.645825	2.0693105	0.450683	0	0.0056	0	0.05822	0.05822	0.0364	0.10022	0	1.1121	4.20015	1.69195	0.0308	0	0	0	0	1.82985	0.1071	0	0	1.0745875	0	0.470705	1.5452925	5.427412	32.563896	13.0313565	0
0.19785	0.247603	0.049753	0.33306	0.2904715	0.0256	0	0	0.8083135	1.431845	2.0778	0.2865885	6.655706	1.5132	1.0274085	0	1.378125	0	0	4.919821	0.4323375	0	0.56875	0.28526	0	0.534842	0.8277585	42.1046555	16.0534995	18.0788725	0
0	0	0	0	0.4041	0	0.5525	0	0.30775	1.26435	0	0	8.88285	3.796	0.154	0	0.8029	0	0	5.07175	0.01085	0.308	0	0.1815	0	1.169	1.3505	35.6571	40.22475	34.21575	0
0.2592	3.926149	0.543	0	0.3506445	0.0328965	0.222574	0.043862	0.6164945	1.189713	0.27	2.004	8.958924	0.8721	0.241612	0	3.6798265	0	0	5.958911	1.0189725	0	0.1464	0.62004	0	0.4147675	1.0712825	25.0251325	18.871627	13.634012	0
0	0.1675	0	0.375144	0.3036	0.3036	0	0	0.457617	1.136361	0	0	0	0	0.28575	0	3.6834155	1.8003	0	10.0202155	1.748	0	2.50275	0	0	0	0	26.070474	23.8264125	0.42891	0
0.1863	0.9287	0.6614	0	0.2286015	0.111375	0.103125	0	0.27169	0.6034165	0.6868855	1.20645	7.3089335	0.88995	1.4565	0	0	0	3.9058	11.494184	2.136384	0.3528	2.75275	0.882397	0.0729	0.1584	1.562197	39.626483	26.8422595	12.277537	0
0	0	0	0.275625	0.68005	0	0	0	0.32295	1.278625	0	0.2725	8.560875	0	0.465	0	2.80325	0	0	4.69115	1.4229	0	0	0	0	0.554965	0.554965	26.263	7.474982	6.1481	1.98975
0	0.22252	0.0372	0.22425	0.079	0	0.58125	0	0.377775	1.262275	0	1.186	9.840575	0	1.65585	0	0.725	0	4.554	7.23035	0	0.1659	0.1296	1.225	0	0.8532375	2.0782375	39.6075	41.587	5.68627	0
0.405	1.4203	0.62	0.137025	0.63315	0.357525	1.2733875	0.11025	0.1378125	2.181375	0	0	2.2478625	7.5824125	0	0	0	0	0	8.8319125	1.2495	0	0	0.5703015	0	0	0.5703015	21.095325	31.845066	54.875	0
0.37923	0.83728	0.2604	0.633125	0.4412	0.04	0.428525	0.428525	0.245462	1.748312	0	1.4453	3.771103	0	0	0	0	1.625778	7.28875	10.879029	1.774101	0	0.1904	0.1364	0	0.330816	0.467216	48.372113	15.8133375	7.799482	0
0.5454	1.2376045	0.44475	0	0.137035	0	0	0	0.5556525	0.6926875	0	2.2603	7.3869	4.07401	0.9844	0	0	0	1.3908	7.06671	0.6175	0	0	0	0	0.1848	0.3792	23.99996	22.249385	19.021725	0
0	0	0	0	0.2806	0.0241	0.218	0.06025	0.268128	0.766728	0.42545	0.2436	3.905176	0.98345	0.0462	0	0.53	0	0.774	2.6092845	0.0362345	0.2394	0	0.0576	0	0.0462	0.1038	11.79635	9.5068595	17.268265	0
0	0.80935	0	0	0.04	0	0	0	0.453479	0.493479	0	0.674675	3.637875	5.6575	0	0	2.36925	0	0	9.02955	0	0	1.0028	0	0	1.987755	1.987755	12.361375	35.409	2.47285	1.008
1.1510235	1.2194685	0	0.140175	0.4122	0.1566	0.118	0	0.384591	1.054966	0.059	1.7037	8.0515	0	0	0	4.182225	0	0	9.84495	0.923	0.9856	3.754125	1.1163585	1.862661	1.5776	4.6446195	39.667775	34.687157	34.961186	2.655
0.5913	0.6723	0	0	0.07665	0.07665	0	0	1.055425	1.132075	0	1.17	4.5557	0.5247	0	0	1.18125	0	0.833	3.10155	0.18445	0.0741	0.30405	0.6985	0.2349	0.19425	1.38685	15.45026	32.182909	4.2077	2.1045
0.0385	1.172775	0	0	0.0828335	0.058292	0.098176	0.098176	0.1627505	0.34376	1.9350765	5.20725	6.09564	0	0.078	0	0.6469925	0	0	1.8656425	0.49125	0	0.6494	0.9971375	0	0.24675	1.2438875	12.0860685	9.702754	2.502471	0
0.0735	1.64285	0.27245	0.3675	0.4	0.4	0.61	0	0	1.3775	0	0.4292	1.8904	2.3383	1.9768	0	0.590625	0	0	5.1750375	0.0103125	0.259	0	0.0266	0.86975	0.24675	1.162	23.95065	10.0991125	23.22618	0
0	0	0	0	0.0435	0	1.2221875	0	0	1.2656875	0	1.3134	6.351885	0	1.27725	3.80625	0.669695	0	0	6.272619	0.519424	0	0	0.633347	0	0	0.6449975	19.566285	35.0904695	10.5226065	0
1.282562	3.8620765	0.31	0.5707875	0.8738095	0.0935315	0	0	0.46672	1.911317	0	7.3373245	18.2219745	0.6570385	0	0	3.540375	0	0	9.903301	0.533	0.6276375	4.54525	2.906525	0	0.0969375	3.0034625	63.063937	11.3102065	24.155785	1.76175
0	0	0	0	0.3	0	0	0	0.452776	0.752776	0	0.65625	9.35885	1.02485	1.9277	0	0	0	0	3.6568	0.70425	0	0	0.05145	0	1.7015775	1.7530275	22.7458	44.857112	11.733825	0
0.8208	0.8208	0	0.40375	0.14675	0.10325	0.21945	0.13405	0.476925	1.246875	0.126	0.182947	4.8029345	1.260416	0.2016	0	0.42315	0.565288	0.739858	13.377807	1.3161	0.478625	8.39277	1.5046245	0	0	1.5046245	50.078682	14.357778	8.3500455	0
0	0	0	0.50085	1.3522625	0	0	0	0.1358685	1.988981	0	0	0.17955	0.884925	3.52345	0	0	0	0	5.9796	1.571225	0	0	0.1269125	0	1.27005	1.3969625	3.2493	23.1519	0	0
0	1.503	1.503	0	0.02175	0	0.936	0	0.099229	1.056979	1.309275	0	7.956649	3.4572	0.1008	0	2.692	0.44115	0	7.397362	0.695712	0.0105	0	0.223452	0	0.019691	0.247643	68.24431	17.4809965	7.439557	0
0.7074	1.4669	0.7595	0	0.3929195	0	0	0	0.8693	1.2622195	0.021526	0	11.910142	0.8457755	1.8636	0	1.184625	0	0	4.1225525	0.228552	0	0	0.72425	0	1.562735	2.286985	50.2193285	60.182109	12.1372505	0.0558065
0.783275	1.099854	0	0.5351605	0.10829	0.10829	0.624967	0.436233	1.7499975	3.018415	0	3.1838575	5.1665755	0	0.05715	0	4.965	0	1.4860125	8.1340575	0.7325	0	0.893395	0.6163	0.24435	0	1.22655	37.142077	9.1974625	17.0454965	0
0.668115	1.18755	0	1.216215	0.0145875	0	0	0	0.25591	1.4867125	0	0	1.63065	0	0	0	3.5601335	0	1.5318	10.639666	1.3958325	0	4.1519	0.08235	0	0.1164375	0.1987875	31.081669	14.475172	5.543088	0
0.08748	1.14148	1.054	0	0.1272375	0	0.323125	0	0.698375	1.1487375	0.5636875	0.2584825	3.13349	0.1577	1.8652125	0	0	0	0	3.314315	1.2914025	0	0	0.032309	0	0.01519	0.057219	11.5277655	37.401689	8.073329	0
0.479946	2.629887	0	0	0.129675	0.129675	1.0484	0.2184	0.624391	1.802466	0	0	6.15695	3.1413	0	0	0.3604	0	0	6.5678875	2.1736875	0.735	0.1575	2.7686875	0.815145	0.5692125	4.215545	6.8745875	24.384725	10.403578	0
1.2117555	1.7927755	0.496	0.040413	1.1057375	0.411075	0.0921375	0	0.1048595	1.3431475	0.59535	1.3068	3.50109	0.19845	0	0	0.620865	0.76545	1.7364375	3.7609425	0	0.43974	0	0	1.02024	0.059535	1.331775	7.608884	23.1807875	26.819194	0
0.2592	0.2592	0	0.544576	0.213	0	1.08375	0	0.184998	2.026324	0	2.1384	7.4755	2.7	0	0	4.3395	0.62715	0.7571	9.396458	0.653508	0	0.3192	0.05415	0	1.011	1.06515	40.2708485	33.607	30.6304605	1.056
1.000998	4.0858455	0	0	0.4649625	0.119475	0.4507875	0.3454875	0.7765875	1.6923375	0	5.8503	11.694775	1.9695375	0	0	0	0	0	2.3768875	0.208	0	0.19935	0.1812	0	0	0.2742	23.1174315	5.853094	8.1254745	0
0	0.5025	0	0	0.21995	0	0	0	0.16075	0.3807	2.5334	0.2494	6.568778	0.99	1.4826	0	0	0	0	5.313745	0.06362	0.1505	2.627025	0.393629	0	1.3723625	1.7659915	31.222625	30.6283005	6.291701	1.008
0.336625	0.448125	0	0.5145	0.346056	0	0.21875	0	0.9481435	2.0274495	0	2.1222	12.315216	0	1.211196	0	0	0.574074	1.3022975	6.6749425	0	0.6318	2.955575	0.388	0.094177	2.8573585	3.7917855	43.631451	63.2865095	29.5793665	0
0	0.042	0	0	0.2055	0	0.4533725	0	0	0.6588725	0	0.348	5.5716125	1.3595	0.612	0	4.33962	0	0	12.572592	0	5.883472	0.378	0.0127575	0	2.1395	2.6513175	37.57076	34.47039	11.735449	5.31135
0	0.0187	0.0187	0	0.2218	3e-04	1.71145	0.5002	0.5698435	2.5030935	0	0.2961	8.1736325	0.35	0.3024	0	0	1.666	1.551	5.7084335	1.33717	0	0.5018635	0.167769	0	0.49049	0.658259	50.839807	31.0943275	11.624999	0
0.080532	0.225913	0.022049	0.2851875	0.5931	0.4707	0.5481	0.1141875	0.2824875	1.708875	0	0.8856	7.942966	1.6214625	0.4743	0	0	1.273725	0	3.7438875	0	0.3528	0.0216	0.4734875	0.606384	0.9843	2.0769595	32.330016	23.3550225	24.5303565	0
0	0.50635	0.0031	0.005125	0.4045275	0.0371	0.402025	0.1525	0.446052	1.2577295	0	0.21515	1.8795825	1.11825	0.1506625	0.379575	1.962875	0	0	3.637895	0.0265325	0	0	0.001519	0	0.1924125	0.1951565	29.958588	28.6891695	6.916114	5.022
0	0.496	0.496	0	0.06804	0.06804	0.366682	0.167575	0.209165	0.643887	0	1.6811805	3.9783305	0.603855	0	0	4.2	0	0	7.085405	2.28155	0	0	0.1543465	0	0	0.1543465	6.076677	9.380636	0.73845	0
0.2376	0.5311365	0.012174	0	0.09	0	1.593375	0.275625	0.09	1.773375	0	1.34315	6.243721	1.35	2.1784	0	1.4135	0	0	6.520491	1.578591	0	0	1.7453	0	0.563	2.3198	27.9221105	51.474418	33.5784475	0
0	0.59295	0	0.1396125	0.1720625	0.0191625	1.1025	1.1025	0.1021875	1.5163625	0	2.727825	5.7515875	0.6764	2.14435	0	0	0	0	3.75015	0.9294	0	0	0.0228	0	0.2068	0.2296	7.59175	10.1643	3.199875	0
1.491075	1.894581	0.012006	0	0.0389125	0	0.010836	0.010836	0.4993025	0.549051	0	0.99	2.8730895	0.393525	0	0	0	0	0.539	1.980228	0.151059	0.008854	0.88779	0.77085	0.5886	0.13134	1.86879	11.2270445	21.3239065	12.004125	6.55025
0	0	0	0	0.028318	0.007999	0	0	2.044507	2.072825	0	2.6391035	6.6458665	7.94265	2.652654	0	1.7827695	0	0.897396	13.763156	0.4876865	0	0	0.1088775	0	2.0730495	2.181927	43.7469295	69.4464225	3.952703	0
0	0	0	0	0.0165	0	1.0395	0	0.248	1.304	0	0	3.3919	6.22965	3.1814125	0	2.31	0	0	13.5017465	0.001934	0	1.77875	1.0004	0	0.300927	1.301327	17.30085	15.9071525	2.0105715	4.646592
0	0	0	0	0.13494	0	0.2625	0	0	0.39744	1.848678	1.5594385	4.4632385	3.04515	3.4242	0	0	1.2495	0	9.22395	1.5051	0	0	1.706816	0	0.0126	1.719416	23.512015	36.4517505	6.8231135	2.4525
0	0.1275	0	0.004995	0.590157	0.590157	0.170625	0	0.5183	1.284077	2.64495	2.83091	4.717892	0	0	0	0	0	0	0.615971	0	0	0.615971	1.348	0	2.03375	3.404225	18.575025	33.4026625	7.231573	4.7562
0	0	0	0	0.4444	0.0125	0	0	0.0625	0.5069	0.86995	0	8.199901	0.3625	1.8411	0	2.7846	0	0	7.538125	1.472425	0	1.0775	2.844225	0	0.9667	3.810925	25.6557	53.464295	13.790402	0
0.2553	1.97485	0.496	0	0.5015	0	0.70025	0.36875	0.363625	1.565375	0	1.2954	2.59675	0	0	0	2.33625	0	0	2.517725	0	0	0.181475	4.102375	0.9607	0.9894	6.065225	10.1285375	36.23387	10.404915	0
0	0	0	0	0.2128775	0.1686275	1.4253	0.4095	0.749922	2.3880995	0	0	9.0352985	0.7686	0.9905	0	0.8546225	0.5355	8.7904	12.4102775	0.427755	0.0429	0	0.4100705	0	0.353305	0.7955755	38.864917	65.4296025	6.325943	1.14135
0.1595625	1.9388365	1.2369	0.4123	0.129	0.129	0.71725	0.23275	1.104858	2.363408	0.012	0	3.004064	2.114581	0	0	6.4281835	0	0.006	9.1332865	0.572522	0.012	0	0.072192	0	0	0.086192	23.362676	7.723612	2.467223	0
0.0698625	1.940925	1.427	0	0.17395	0	0	0	0.38405	0.558	2.1165	2.2002375	14.037395	1.35	0	0	3.0762	0	0	7.307434	2.8520965	0	0.0291375	0.8102	0.68875	2.0103	3.50925	52.2192535	57.352739	22.3846795	1.71975
0.2546	2.0202	0	0	0.9778955	0	0	0	0.931743	1.9096385	3.1517	0.5454	8.381134	0.47075	2.259649	0	5.251697	0	0	11.043896	3.0618	0	0	0.8595525	0	0.830585	1.6901375	33.017132	66.257027	8.610534	0.88575
0.182202	1.366927	0.07225	0.447468	0.7342125	0.12755	0.15795	0.078975	2.462466	3.8020965	0.6868855	2.126325	3.234839	1.1725	0	0	0	0	0	2.846865	0.441375	0	1.23299	0.2217	0	0	0.2217	25.3745665	8.714176	8.007796	0
0.28862	1.14029	0.62	0	0.0419	0.0219	0.3304805	0	0.482525	0.8549055	0	2.122675	3.4278325	1.49	0	0	4.47	0	0	8.785475	2.825475	0	0	0	0.40824	0	0.40824	12.331025	26.363756	6.49213	0.525
0.23538	1.40588	0.992	0.0959055	0.259151	0.0959055	0.105438	0	0.213619	0.6741135	0	0.565287	2.226596	0.582032	1.0206625	1.107099	2.2005	0	0	8.3650285	0.6811	0	2.773635	0.06	0.49875	0	0.55875	22.115639	29.7837225	17.346358	0
0.124683	0.1249165	0.0002335	0	0.016426	0.016426	0.081075	0.081075	1.2563095	1.3538105	0	0	2.6405	5.868057	1.48325	0	1.8825	0	0	12.7353885	0.539924	0.2679	2.6937575	0.01695	0.6310105	0.3331125	0.981073	30.0441605	23.9082935	2.28018	0
0.0828	1.7722	1.186	0.25025	0.396007	0.05952	0.0859185	0.0859185	0.4207875	1.152963	0.024	0.42366	5.5142345	1.23375	1.102668	0	1.184625	0	0.5608	5.276053	0.91071	0.024	0.2595	0.9765575	0	0.834854	1.8114115	16.120717	37.9682505	9.023351	0
0.00575	1.2328	0	0	0.5886485	0.1512875	0.935436	0.2548	0.326565	1.8506495	1.61133	0.99435	4.80365	0	0	0	4.408637	0	0	4.876481	0.467844	0	0	0.02605	0	0	0.07	27.664355	27.065323	6.807225	0
0.1869	0.2498215	0	0	0.503727	0.185127	0.114875	0.0255	0.7192545	1.3378565	0	0.177225	4.521	0	0.2016	0	0.153	0.3123675	1.944376	6.6846545	0.8622995	0.306	2.9050115	0.1339125	0	0.123375	0.2871	38.2127	24.5744355	9.804731	0
0	1.3534	0	0	0	0	0.15125	0	0.006875	0.158125	0	0	7.9038	5.6091	0.34425	0	4.758	0	0	12.4485575	0.1324075	0	1.6048	0.3385	0	0.1035	0.442	77.76758	38.145683	4.1784155	0
0.8694	3.40355	1.612	0	0	0	0.55	0.55	0.3886	0.9386	1.525	0.313575	2.7383225	0	0.1	4.343	0	0	0	4.4612	0.0182	0	0	0.9279	0.3402	0.4181	1.6862	3.3544855	11.6482605	6.7088375	0
0	0	0	0.6707845	0.33145	0	0	0	1.519481	2.5217155	0	0	2.817117	12.1021	0	0	0	0	0	15.2313905	2.002799	0.035454	1.0910375	0.03425	0.581175	0.5131225	1.1285475	23.1247585	27.309328	8.115141	0
0.25455	2.50445	0.496	0.3458305	0.5594875	0.11965	0	0	0.5053825	1.4107005	0	0.9333125	3.4140625	0	0	0	2.07	3.876	5.0622	11.95406	0.56916	0	0.3767	0.08	0.2034	0	0.2834	17.168066	8.209342	7.75624	1.218
0.05	0.9432	0.0168	0	0.1271595	0	0.6234375	0	0.0728	0.823397	0	0.2292	6.49385	0	0.7803	0	3.574125	0	0	5.634575	0.27775	0	1.0024	0.108125	0.306	0.4935	0.907625	37.4711535	27.7262785	17.0221015	0
1.0427625	1.3260625	0.0168	0	0.0331875	0	0.4508	0.4508	0.563478	1.0474655	0	0	9.62335	3.3567	0	0	4.9211	0	0.880875	10.2897475	0.1286725	0	1.0024	2.3423	0	0.0414775	3.1587775	38.707728	21.9635685	5.2587015	0
0.17685	0.70615	0	0.14738	0.076449	0.076449	0.4059455	0.0113985	0.0734675	0.703242	0.328	1.00445	7.899332	0.702822	2.610675	0	2.0035	0.5168	0.6188	7.990347	0.68525	0	0.8525	1.0155	0	0	1.0155	19.086705	49.2624905	13.461942	0
0	0	0	1.495065	0.2773	0	0.6025	0	0.5503745	2.9252395	0	0	3.699568	0	5.6014	0	3.553875	0	0	9.566995	0.3102	0	0.10152	0.0282	0	0.6736	0.7018	21.047655	68.582581	1.299793	4.215375
0.0467475	2.675251	0.9672	0	0.089	0	0.365	0	0.292646	0.746646	0	0.2725	8.357968	2.6756	1.8924	0	0	0	0	11.8011	2.0866	0	5.1465	1.6242	0	0.79015	2.4301	33.666551	64.636689	11.595058	1.8438
0	1.0269375	0.0091	0.675269	0.384975	0	0.2925	0	1.889929	3.242673	0	4.3642	8.60885	0	1.4826	0	4.8874	0	0.84175	12.4963	0.05265	0	5.2319	0.024	0	0	0.024	91.16175	11.682	8.0929805	1.9275
0	0.11725	0	0.358875	0.14325	0	0	0	0.4259	0.928025	0	0.7473	3.6835	0	0.9884	0	1.464575	0	1.032	3.512775	0.011	0	0.0168	0.1548	0	0.37125	0.52605	10.8821	12.293975	9.3823	0
0	0.654	0.1984	0.0810095	0.2655	0	0.343875	0.2541	0.322217	1.0126015	3.418398	0	4.635172	2.396825	3.780193	0	2.3625	0	0	10.0171505	0.486675	0	0.9909575	0.02835	0	0	0.02835	31.359377	26.69892	17.821166	0
0	0.626269	0	0	0.02475	0	0.750375	0	0.1584825	0.9336075	0	5.449	10.398946	0	0.7803	0.5811025	2.370125	0	0	4.3335275	0	0.602	0	0.05175	0	0.3234375	0.3751875	23.0800095	41.453645	36.1306495	0
0.191475	1.2744245	0.023994	0.4095	0.3376625	0	0.2870875	0	0.4446	1.47885	4.09805	0.5544	8.9196	0	0	0	0.576	0	0	1.336	0.76	0	0	1.56251	0	2.963472	4.525982	25.9730825	57.76957	1.1956	0
0.0455	0.0455	0	0.1241	0.363865	0.1971	0.567	0	0.5687895	1.6237545	0	0	6.04395	4.668925	0	0	0	0	0	5.82159	0.48034	0	0.672325	0.5951	0	0	0.5951	22.18907	36.861995	15.283025	1.254
0	0	0	0.45225	0.3459865	0	0.195	0	0.561819	1.5550555	0	1.0089	8.775247	0.2089	2.31155	0	0	0	0	3.9314535	0.522746	0	0.8882575	0.056865	0	1.832325	1.88919	27.904974	27.38892	7.1765485	3.04725
0	2.2016	1.411	0.3306	0.3654075	0.216049	0.1859625	0.0619875	0.169925	1.051895	0	1.6173	10.5671455	1.1571	0	0	6.1266135	0	0.8364	8.1847135	0.0646	0	0	2.3333	0	0	2.3333	14.535498	12.5764515	1.72785	0
0.9936	1.1121	0	0.30175	0.1095	0	0	0	0.721927	1.133177	0	1.3293	2.19186	1.33875	0.8208	0	0.24948	0	0.519	6.562615	1.612335	0	2.02225	0.4108	0	0.4902	0.901	59.19425	27.882025	0.5446	0
0.259038	1.263657	0.5716	0	0.1841	0	1.6075	0	0.351262	2.142862	3.1843	0.1386	7.4097	1.7755	1.263	0	4.77	0	0	8.74305	0.93455	0	0	0.3479265	0.310851	0.082955	0.7603325	54.43555	50.4945395	8.769206	0
0	0.3876215	0	0.3716025	0.432875	0.103125	2.7514625	0	1.0355865	4.5915265	0.86625	0.4854	4.928645	2.85	1.342552	0	1.50855	4.4115	0	10.2300295	0.025425	0	0.0920025	0.006	0	0	0.006	79.891497	34.205689	11.963452	2.52
0.17685	0.19285	0.016	0	0	0	0.505323	0	0.9154795	1.4208025	0	0.2828	4.8232285	2.410368	0.3705	0.0229125	3.8995625	0	0	9.976249	3.272906	0	0	0.0435	0	0.3443	0.3878	30.7626955	21.4369225	6.933785	1.51215
0	0.19765	0	0	0.1449615	0	1.321884	0	0.2448555	1.711701	0.3402	0.8741	7.9755325	3.96607	0.1932	0	2.07	0	0	7.1905775	0.0792575	0.4758	0.40625	0.210214	0	0.493	0.709114	24.300699	47.9383265	6.8759645	0
0	0	0	0.643125	0.110073	0.005933	0.4791845	0.0586845	0.791487	2.0238695	0.2673	0.228975	2.5248375	1.5965685	0.1008	0	1.192595	0	0	5.488695	2.5987315	0	0	0.1573325	0.3583125	0.1683	0.683945	20.7126605	18.2848055	3.644337	1.044
0.322161	1.117461	0.4	0.0904	0.2069115	0.060063	0.5525	0	0.413715	1.2635265	0.579575	0.87705	5.671027	0.24941	3.9536	0	2.3908065	0	0	7.5292605	0.935444	0	0	0.039215	0	0.73405	0.773265	21.7830665	18.994632	2.752	0
