F_CITMLB	F_OTHER	F_JUICE	F_TOTAL	V_DRKGR	V_REDOR_TOTAL	V_REDOR_OTHER	V_STARCHY_TOTAL	V_STARCHY_OTHER	V_OTHER	V_TOTAL	PF_LEGUMES	G_WHOLE	G_TOTAL	PF_MEAT	PF_CUREDMEAT	PF_ORGAN	PF_POULT	PF_SEAFD_HI	PF_SEAFD_LOW	PF_TOTAL	PF_EGGS	PF_SOY	PF_NUTSDS	D_MILK	D_YOGURT	D_CHEESE	D_TOTAL	OILS	SOLID_FATS	ADD_SUGARS	A_DRINKS
0.5184	0.6767	0	1.1951	0.256275	0.1397	0	0.45	0	0.936335	1.78231	1.345882	0.1934625	8.058195	1.7849475	4.2063	0	2.555	0	0	9.3202975	0.77405	0	0	1.147925	0	0.1854	1.345925	29.755514	46.262233	8.2244745	0
0	0	0	0	0	0.4059665	0.0431165	0.305	0.305	0.959503	1.6704695	0	0	8.89844	1.39685	0	0	0	0	11.0985	14.55263	2.05728	0	0	0.0561	0	0	0.0561	42.0873	38.9967245	21.821656	8.328
2.347211	0	0	2.347211	0	0.1495205	0	1.09425	0.2655	0.606796	1.8505665	3.7355625	0.8269	5.4074	3.10383	2.914627	0	0	0	0	7.247357	1.0273	0	0.2016	1.1423	0	0.23625	1.37855	26.832384	33.111996	7.9441325	0
0.5138	0.251625	0	0.765425	0	0.0315	0	0.0195	0	0	0.051	0	0	1.1528	0	0.3024	0	2.1735	0	0	2.4759	0	0	0	0	0	0	0	6.0246	21.930309	14.150275	0
0.2052	0.0244	0	0.2296	0.08025	0.502625	0.1167	0.4761	0.22935	0.315025	1.374	0.10845	1.8708	5.36075	0	0.7021	0	2.989	0	0	4.512923	0.504623	0	0.3172	0.0308	0	0.24675	0.27755	12.25571	6.455338	1.949758	0
0	0	0.713	0.713	0.65325	0.3435	0	1.05295	0.51545	0	2.0497	0	0	3.7016815	0.54375	0	0	4.238	0	0	4.810288	0.028538	0	0	0.79109	0	0.36425	1.16684	7.0778105	45.477277	17.974341	0
0.2592	0.82985	1.917425	3.006475	0.636525	0.334248	0.032031	0	0	0.27	1.240773	0	0.055106	7.555805	1.2825	0.2016	0	0.02684	0	0.6	2.738444	0.614904	0.0126	0	0.785845	0	0.4755295	1.2667745	24.560073	42.903982	10.547517	0
0	0.3953	0	0.3953	0	0.0145	0	0.2559375	0	0.0902	0.3606375	0	0	1.249988	0	2.99355	0	0.825	0	0	5.16505	1.3465	0	0	0.0649	0	0.1804	0.2453	9.5607625	13.40055	5.84515	0
0	0.3953	1.125	1.5203	0	0.08845	0	0	0	0.113006	0.201456	0	0	2.6729	0.45425	0	0	7.30275	0	0	7.8105	0.0535	0	0	0	0	0.4705625	0.4705625	19.85775	12.381817	14.7096	2.2125
0.0168	0	0.403	0.4198	0	0.2655	0	1.170875	1.0615	0.8517125	2.2880875	0.950025	0.6496	7.334049	0	2.3822	0	2.37135	0	0	8.480972	2.725022	0	1.0024	0.365104	0	0.6174	0.982504	44.51539	68.5517875	35.679372	0
0	0	0.868	0.868	0	0.316575	0.12765	0.127575	0.08505	0.243175	0.687325	0	0.216	7.456904	0.6461	0.9884	0	1.063125	0	0	4.014641	1.317016	0	0	1.954778	0	0	1.954778	24.951842	31.961688	18.660984	0
0.2592	1.52885	1.74365	3.5317	0	1.548891	1.328926	0.3304805	0	0.4457785	2.32515	0	1.762675	3.88982	0	2.683475	0	2.13875	0	2.54745	7.421394	0.051719	0	0	1.1268125	0	0.11475	1.2415625	29.915765	30.608616	18.4514335	0.948
0.018375	0.244075	0	0.26245	0	0.2622	0.2032	0	0	0.10325	0.36545	0	1.9635	6.7027345	1.2426455	0.4942	0	0	0	0	2.427568	0.1152	0	0.5755225	0	0.2205	0.4935	0.714	7.403214	25.746892	4.7821835	0
0.2052	0.225	1.333	1.7632	0	0.57456	0	0.8333375	0	0.0792	1.4870975	0	1.06845	15.33254	0	3.7137	0	0	0	0	5.34125	1.62755	0	0	0.035512	0	3.787144	3.822656	55.570184	79.7158385	16.683254	0
0.0255	0.4208	0	0.4463	0.488482	0.5058745	0.3654425	0.019378	0	1.191047	2.2047815	0	0	3.0702215	0.9901185	0	0	0	0.524286	3.99151	7.4674345	0.68323	1.27829	0	0.698568	0.306	0	1.004568	40.684403	15.0418955	15.50823	0
0	0	0	0	0	0.27255	0	0.3575	0	0.19878	0.82883	0	0.204	5.8107	0	0.328	0	1.6541	0	0	2.00695	0.02485	0	0	0.1607125	0	1.1152	1.2759125	31.7514	19.2216	6.373425	0
0	0	0.022	0.022	0.198349	0.1809125	0.03515	0.1206475	0.1206475	0.8797955	1.3797045	0	0	8.5272705	3.0663125	0	0	1.126863	0	1.1554865	6.953737	1.345575	0	0.2595	0.08025	0	0	0.08025	23.9274025	8.856875	4.436304	0
0.050732	2.25005	0	2.300782	0.2726875	0.38555	0.11	0.07	0	0.084768	0.8130055	0	0.169168	4.580732	0.295157	0	0	0.99	0	0	2.028431	0.638934	0	0.10434	1.43955	0	0.833	2.27255	23.6378475	15.034381	6.011093	0
0.645825	0.9728025	0.450683	2.0693105	0	0.0056	0	0.05822	0.05822	0.0364	0.10022	0	1.1121	4.20015	1.69195	0.0308	0	0	0	0	1.82985	0.1071	0	0	1.0745875	0	0.470705	1.5452925	5.427412	32.563896	13.0313565	0
0.19785	0	0.049753	0.247603	0.33306	0.2904715	0.0256	0	0	0.8083135	1.431845	2.0778	0.2865885	6.655706	1.5132	1.0274085	0	1.378125	0	0	4.919821	0.4323375	0	0.56875	0.28526	0	0.534842	0.8277585	42.1046555	16.0534995	18.0788725	0
0	2.285772	0	2.285772	0.346425	0.9009325	0.6755825	0.2873	0.1575	0.507271	2.0419285	0.0708	0.6734	3.7915495	1.5791	0.9884	0	5.565	0	0.8277795	10.044309	1.0840295	0	0	0.0086	0.0118	0.37615	0.4125625	32.9643695	47.7218845	7.7466805	0
0	0.1675	0	0.1675	0.375144	0.3036	0.3036	0	0	0.457617	1.136361	0	0	0	0	0.28575	0	3.6834155	1.8003	0	10.0202155	1.748	0	2.50275	0	0	0	0	26.070474	23.8264125	0.42891	0
0	0	0	0	0	0.537975	0.4407375	0	0	0.014924	0.552899	0	0.971442	3.520092	0.1281	0.1512	0	0	0	3.7629	4.0582125	0.0160125	0	0	0.484579	0.003784	0.24675	0.735113	7.3481125	10.110707	0.63725	0
0.046182	1.369875	0.162	1.578057	0.555825	0.3413775	0.030189	0	0	0.8844355	1.781638	0.4278	1.3068	3.784737	0	0.23275	0	2.4279295	0	0	5.2861195	1.4324	0.5474	0.64564	0.3801145	0.1739835	0.629125	1.834423	20.029098	24.3691675	6.6356225	0.5025
0	0	0	0	0	0.0692895	0	1.047	0.80325	0	1.1162895	0	0.2292	3.983	2.0569	0.51315	0	1.575	0	0	5.42505	1.28	0	0	0.37105	0	0.37459	0.74564	13.2945	21.686832	10.105003	0
0.0525	0.031752	0.047	0.131252	0.0992545	0.2011395	0.1576395	0	0	1.132664	1.433058	0	0.2695	4.1778515	5.4825	0	0	0.3621875	0	0	7.8856395	0.4216	1.333584	0.285768	0.1495	0	0	0.379647	25.416091	47.056454	15.929458	0
0	0	0	0	0	0.753375	0.753375	0	0	0.3705	1.123875	3.0915	2.679	7.1205	0	3.15252	0	0	0	0	3.159865	0.007345	0	0	0	0	0.220625	0.220625	11.54953	33.144068	3.106053	1.584
6.4387	0.660508	0	7.099208	1.0898915	0.808339	0.5103995	0.417451	0.199827	1.3388015	3.654483	0.26565	2.0522265	8.3222115	4.937875	0.11385	0	0	0	0	10.3852875	0.5	2.604	2.2295625	0	0.2825105	0.06	0.3425105	28.877192	5.3698195	1.233225	0
0	0	0	0	0.127575	0.6079125	0.1366875	0.2559375	0	0.6589915	1.6504165	0	0.1402875	4.837992	3.89835	0.9429	0	3.4263	2.2977	0	10.66875	0.0291	0	0.0744	1.386525	0	0.564525	1.9513125	30.7583445	17.16609	44.71351	3.6285
0	0	0	0	0	0.4077125	0	0.19145	0	0.4587315	1.057894	0	0.06496	9.4049	3.4575	0.8436	0	0	0	0	5.8107	1.5096	0	0	0.0888	0	1.96795	2.05675	17.903934	53.00537	0.6342	0
0.5727	0.4253	0.009	1.007	0.16653	0.1516	0.099	0.944158	0.944158	0.2554925	1.5177805	0	2.893943	4.758393	3.11655	0.283	0	0	0	0	4.463725	1.064175	0	0	0.2796	0	0	0.3021	5.0124	74.450656	16.938745	0
0.0255	1.06165	0	1.08715	0	0.462	0	0.195	0	0.1161	0.7731	0	2.0486	8.3258	0.5805	0.13675	0	0.6	0	0	1.48495	0	0.1677	0	0.2304	0.306	1.087232	1.738832	27.6919	20.91867	14.785154	0
0.246125	0	0.13485	0.380975	0	1.28621	0.496472	0.4248	0	0.571514	2.282524	0	1.6539245	6.1451965	3.53322	0.201	0	0	0	0	6.0406965	0.94225	0.197664	1.1665625	0.0315	0	0.815416	0.846916	22.585293	36.692743	14.1471645	0
0	1.6562	0	1.6562	0.09833	0.184708	0.184708	1.9043175	0.076545	0.174995	2.3623505	0	0	4.6548475	0	0	0	0.9568125	0	1.655362	2.7339245	0.12175	0	0	0	0	1.52	1.52	21.160869	30.45292	1.1669	0
0	0.9224925	0.16496	1.0874525	0	0.0338	0	0	0	0.35305	0.38685	0	4.81575	7.33005	0.7625	0	0	1.7561	0	0	3.45904	0.759	0.18144	0	1.22785	0	0.501855	1.956505	13.5349	21.437644	12.0400335	0
0	0	0.793	0.793	0	1.2442875	0.146625	0.7199375	0.1105625	0.650231	2.614456	1.0305	1.0791	10.7816595	2.2163125	0.4942	0	1.152	0	0	4.8025125	0.94	0	0	1.907125	0	0.3570625	2.2677875	11.53997	44.2583325	2.8220295	0
0	0	0.04495	0.04495	0.3015	0	0	2.1553375	0.2655	0	2.4568375	0	0.6886	7.99675	0	0	0	0	0	2.7736	3.2598	0.473	0	0.0132	1.95707	0	0	1.997975	35.4318275	13.4903805	17.703445	0
0	0.1035125	0	0.1035125	0	0.08	0	0	0	0.212	0.292	0	1.3944	3.7725	1.728	0	0	0.53	0	0	3.8155	0	0	1.5575	0.7503	0	0	0.7503	18.6674	13.5747625	9.5882	0
0	0	0	0	0	0.2806	0.0241	0.218	0.06025	0.268128	0.766728	0.42545	0.2436	3.905176	0.98345	0.0462	0	0.53	0	0.774	2.6092845	0.0362345	0.2394	0	0.0576	0	0.0462	0.1038	11.79635	9.5068595	17.268265	0
0	0.33835	0.0168	0.35515	0	0.3609	0	0	0	0.257225	0.618125	0	0.6496	7.41695	0.9028	0.6831	0	0	0	0	3.8988	1.0135	0	1.2994	0.56945	0	1.236455	1.805905	18.39325	37.769384	17.8119	0
0.590625	0.12505	0.024	0.739675	1.115681	0.0091	0	1.4965475	0	0	2.6213285	0	0.817875	3.739	1.08409	0.1415	0	4.116	0	0	6.54969	1.0065	0	0.2016	3.7457385	0.23625	0.2835	4.6434885	15.429797	47.8310545	2.1778	0
0.3537	1.06405	0	1.41775	0.8752	0.37867	0	0.305	0.305	0	1.55887	0	0.3407	3.758	0.739762	1.0298	0	1.6959375	0	0	3.4654995	0	0	0	0.687775	0	0	0.687775	3.541207	25.192317	4.552402	0
0.0385	1.134275	0	1.172775	0	0.0828335	0.058292	0.098176	0.098176	0.1627505	0.34376	1.9350765	5.20725	6.09564	0	0.078	0	0.6469925	0	0	1.8656425	0.49125	0	0.6494	0.9971375	0	0.24675	1.2438875	12.0860685	9.702754	2.502471	0
0.0735	1.2969	0.27245	1.64285	0.3675	0.4	0.4	0.61	0	0	1.3775	0	0.4292	1.8904	2.3383	1.9768	0	0.590625	0	0	5.1750375	0.0103125	0.259	0	0.0266	0.86975	0.24675	1.162	23.95065	10.0991125	23.22618	0
0.3598035	2.4420945	0.3455725	3.1474705	0	1.229279	0.080825	0.7408125	0.2020625	0.379984	2.3500755	0	1.533621	14.404442	2.132701	2.6072	0	0	0	0	7.946361	3.20646	0	0	0.8829125	0	1.689	2.5719125	38.3586845	72.976291	22.42114	1.056
0	0	0	0	0	0.3	0	0	0	0.452776	0.752776	0	0.65625	9.35885	1.02485	1.9277	0	0	0	0	3.6568	0.70425	0	0	0.05145	0	1.7015775	1.7530275	22.7458	44.857112	11.733825	0
0.0225	0.0225	0	0.045	0	0.374575	0.266475	1.3968	0.4488	0.301125	2.0725	1.0593	0	4.5918	3.2746	1.1224	0	3.1326	0	0	19.0938	1.2712	0	10.293	0.0646	0.27	1.0303	1.3649	67.7747	35.33825	8.83545	0.995625
0	0.1469	0	0.1469	0	0.53815	0.06375	2.172	0	0	2.71015	6.183	1.2068	5.4814	0	0.4435445	0	0.3825	0	0	2.2103045	1.28346	0	0.1008	0.5173	0	0.398325	0.915625	41.3087	24.50967	18.7809125	0
0	0	0	0	0	0.279125	0	0	0	0.654365	0.93349	4.0274	0.6732	6.534	0	3.5451	0	0.2698	0	0	3.8149	0	0	0	1.5943875	0	1.480225	3.0746125	11.5562	55.6367	5.4927	0
0.8208	0	0	0.8208	0.40375	0.14675	0.10325	0.21945	0.13405	0.476925	1.246875	0.126	0.182947	4.8029345	1.260416	0.2016	0	0.42315	0.565288	0.739858	13.377807	1.3161	0.478625	8.39277	1.5046245	0	0	1.5046245	50.078682	14.357778	8.3500455	0
0.0022965	0.1095465	0.009	0.120843	0	0.19941	0.04812	0.6975	0	0.6393665	1.5362765	0	0.066375	8.25928	0.62622	1.9304	0	2.45	0	0	6.5217425	0.34856	0	1.1665625	0.24836	0.027558	0.425512	0.70143	38.858633	33.498802	9.471639	0
0.123045	0.1966125	0	0.3196575	0.18205	1.184675	1.184675	0.162825	0.049275	0.2905375	1.8200875	0	0.4914	1.37324	0.984375	1.8645	0	1.184625	0	0	5.62979	1.26415	0	0.33214	0.220654	0	0.83591	1.056724	26.509966	40.027245	1.918247	0
0	0.3953	0.248	0.6433	0	0.6922045	0	0.1776	0	0.270954	1.1407585	0.8957	0	13.0484245	3.7323385	0.4673	0	0	0	0	5.9660385	0.7808	0.9856	0	0.5606	0	0.92545	1.57405	24.330119	34.243294	11.0214595	0
0	0.73365	0	0.73365	0.33306	0.5823895	0.493045	0.0975	0	1.107697	2.1206465	0	2.154	5.463636	0	0	0	1.168911	5.542626	0	7.2158175	0.5042805	0	0	1.5617915	0	0.019899	1.5816905	29.790971	17.0215225	21.62682	0
0	0	0.496	0.496	0	0	0	1.55	0	0.125925	1.675925	4.122	0.48875	5.38715	0.8874	0	0	0	1.0982	0	2.28024	0	0	0.29464	0.139775	0	0	0.139775	10.4632	37.811531	10.28495	0.396
0	2.53955	0.01495	2.5545	0.0480375	0.57065	0.2078	0.109375	0	1.768677	2.4967395	0	1.5795	6.0731125	2.0628375	0.4576	0	0	0	0	3.896155	0.8757175	0	0.5	0	0	0.5211245	0.5228745	37.051055	20.1413895	4.76214	0.504
0	0.9431	0	0.9431	0.806648	0.3472375	0.3125	0.305	0.305	0.8376465	2.296532	0	0	0.7794	0.437262	0.504	0.317275	3.916325	1.5504	2.1069	10.473837	1.641675	0	0	3.049325	0	0	3.049325	12.442776	43.5789125	1.9022	0
0.6083	0.67	0	1.2783	0.806195	1.09025	0.13455	1.73515	0.133875	1.122925	4.75452	0	1.96965	5.39068	2.242475	2.3869	0	0	0	0	7.450375	2.821	0	0	1.2358155	0	1.594078	2.8298935	44.805814	61.14317	13.199004	0
0	1.029375	0.452925	1.4823	0.947025	0.03152	0.02752	0	0	0.90555	1.884095	0	1.77195	1.77195	0	0	0	1.7562	0	0	1.7562	0	0	0	1.4235875	0	0	1.4235875	0	8.4560625	2.6647395	0
0	0.2761875	1.1036	1.3797875	0.0177	0.22355	0.02065	0.297625	0	0.174325	0.7132	0.578825	0	5.62365	1.81995	0.062	0	0	0	4.182	6.82395	0.76	0	0	0.4672375	0.00295	1.273775	1.7439625	35.34755	29.4506125	11.7371	0
0.02148	0.2775	0.961	1.25998	0.51475	0.467335	0	0.010736	0.010736	0.550084	1.542905	0	0.569475	4.095105	0.31671	0.0904	0	2.062125	0	0	4.040718	0.690233	0	0.88125	0.2812945	0	1.086985	1.3696795	23.8128725	25.6913565	5.196457	0.555
0	0	0	0	0	0.2624875	0.069	0.7245875	0	0.5483125	1.5353875	4.2508125	0	6.975775	1.0465	0	0	0.8372	0	0	2.6545	0.7708	0	0	0.19695	0	0.1729	0.38335	26.812921	28.334114	9.1460075	10.56
0.08748	0	1.054	1.14148	0	0.1272375	0	0.323125	0	0.698375	1.1487375	0.5636875	0.2584825	3.13349	0.1577	1.8652125	0	0	0	0	3.314315	1.2914025	0	0	0.032309	0	0.01519	0.057219	11.5277655	37.401689	8.073329	0
1.22885	0	0.04652	1.27537	0.625142	1.4528545	0.067969	0	0	0.9890005	3.066997	0	0	7.881987	3.291101	0.9884	0	3.43	0	0	7.964386	0.00936	0	0.245525	0.4203	0	0.00375	0.4428	20.1638445	22.272624	10.65935	0
0.2592	0	0	0.2592	0.544576	0.213	0	1.08375	0	0.184998	2.026324	0	2.1384	7.4755	2.7	0	0	4.3395	0.62715	0.7571	9.396458	0.653508	0	0.3192	0.05415	0	1.011	1.06515	40.2708485	33.607	30.6304605	1.056
1.000998	3.0848475	0	4.0858455	0	0.4649625	0.119475	0.4507875	0.3454875	0.7765875	1.6923375	0	5.8503	11.694775	1.9695375	0	0	0	0	0	2.3768875	0.208	0	0.19935	0.1812	0	0	0.2742	23.1174315	5.853094	8.1254745	0
0	0.5025	0	0.5025	0	0.21995	0	0	0	0.16075	0.3807	2.5334	0.2494	6.568778	0.99	1.4826	0	0	0	0	5.313745	0.06362	0.1505	2.627025	0.393629	0	1.3723625	1.7659915	31.222625	30.6283005	6.291701	1.008
0	0	0	0	0	0.1484395	0	0.2925	0	0.3514255	0.792365	0	0	4.7664715	0	0.2473975	0	4.6706	0	0	4.9584975	0.0405	0	0	0.0135	0	0.7068555	0.7447555	27.667981	20.72714	1.5809295	0
0.246125	0	0	0.246125	0	0.2236085	0	0.7450055	0	0.4767325	1.4453465	0	0.2385	3.0455875	0	0	0	9.282275	0	0	9.5274345	0.2451595	0	0	0	0	0.3319375	0.3319375	59.955253	25.601187	45.61798	0
0	0	0.011997	0.011997	0	0.3982	0	0.5875	0	0.191	1.1767	0	1.189212	7.695687	1.49	0.7775	0	2.726	0	0	4.9935	0	0	0	0.0849	0	0.4935	0.5784	13.577602	35.099401	6.391516	0
0	0.81285	0	0.81285	0	0.523952	0.163407	0.302752	0.105876	0.811132	1.637836	0.273	0	2.446152	0.584575	0.098	0.455	1.667547	0	0	3.354522	0.5494	0	0	0.3493	0	0	0.3568	5.432384	6.049325	3.254836	0
0.41188	0	0.465	0.87688	0.1535625	0.1583125	0.05	0.28375	0	0.3032	0.898825	0	1.581666	8.267366	0.1134	2.1784	0	3.7894375	0	0	6.21524	0.0605025	0.0735	0	0.398475	0	0.2743625	0.68495	25.4038305	13.199903	10.7278	0
0	0	0.1753835	0.1753835	0	0.0955	0.08645	1.26685	0.1456	0.3512845	1.7136345	0	0.2725	3.9513875	0	3.6644035	0	2.701	0	0	7.692321	1.3269175	0	0	0.5827625	0	0.47965	1.0624125	33.258125	26.489263	31.2544165	0
0	0.20495	0.0580375	0.2629875	0	0.1483875	0	0.61635	0.275625	0.47895	1.2436875	0.1819125	1.077994	10.975739	1.0468125	7.1011825	0	5.12975	0.294525	0.8625375	17.3406825	1.410875	0.93	0.565	0.1498375	0	0.5307875	0.709425	86.439279	65.397965	20.632918	0
0.23625	2.2650625	0.393525	2.8948375	0.823465	0.10692	0	0.550425	0.1458	0.7212925	2.2021025	0	0	11.3272945	0.4028	0.6582	0	1.2636	0.258	0.324	3.7587875	0.6280125	0	0.224175	1.5625135	0	1.954228	3.5167415	22.6186975	51.0319605	11.626912	0
0	3.3124	0	3.3124	2.7805225	0.587082	0.587082	0.2832225	0.0944075	0.6580725	4.3088995	0	0.3576875	6.0229555	3.4045015	0	0	0	8.925	0	12.3295015	0	0	0	0.048	0	0	0.048	21.2754895	12.088814	0.5206005	1.13544
0	0.2698	0	0.2698	0	0.1082	0	0	0	0.2671	0.3753	2.323825	0	5.2653	0	0	0	1.058	0	0	1.058	0	0	0	0	0	0.4451325	0.4451325	13.2775	10.969156	0.161	0
0.2376	0.2813625	0.012174	0.5311365	0	0.09	0	1.593375	0.275625	0.09	1.773375	0	1.34315	6.243721	1.35	2.1784	0	1.4135	0	0	6.520491	1.578591	0	0	1.7453	0	0.563	2.3198	27.9221105	51.474418	33.5784475	0
0	0.006	1.4505	1.4565	0	0.236	0	0	0	0.0440985	0.2800985	0	1.3715	10.1895625	0.3759	2.471	0	5.3657625	0	0	8.8834625	0.6708	0	0	0.450275	0.49	0	0.948675	6.055104	4.20585	8.480983	0
0.3432885	0.8022295	0	1.145518	0	0.1512	0.1512	0.4536	0.0945	0.1506	0.7554	0	0.1386	5.74149	5.7659	5.8663375	0	0	0	0	11.6500875	0	0.01785	0	1.2445875	0	0.18	1.4322375	10.0215625	129.643074	31.2045775	0
0	0.59295	0	0.59295	0.1396125	0.1720625	0.0191625	1.1025	1.1025	0.1021875	1.5163625	0	2.727825	5.7515875	0.6764	2.14435	0	0	0	0	3.75015	0.9294	0	0	0.0228	0	0.2068	0.2296	7.59175	10.1643	3.199875	0
0	0.41405	0	0.41405	1.625695	0.3592725	0.1972975	0.0975	0	0.7581315	2.840599	1.2167505	0	4.5721375	2.3048	0	0	2.339625	0.701675	1.2138	6.9524995	0.026775	0	0.3658245	0.0912	0	0.018356	0.109556	27.6641245	11.231343	4.352304	2.0595
0	0	0	0	0	0.028318	0.007999	0	0	2.044507	2.072825	0	2.6391035	6.6458665	7.94265	2.652654	0	1.7827695	0	0.897396	13.763156	0.4876865	0	0	0.1088775	0	2.0730495	2.181927	43.7469275	69.4464175	3.952703	0
0	0.3953	0	0.3953	0.608685	1.058625	0.037275	1.856256	0	0.668823	4.192389	0	3.12925	9.94164	7.7409	1.03125	0	0	0.1784925	0.539444	10.92305	1.0137635	0	0.4192	0.08232	0	0.25875	0.34107	54.153186	59.883242	29.195973	0
0.3537	1.1094625	0	1.4631625	1.456851	0.51323	0.20828	0	0	1.0939595	3.0640405	0	0	0.5325	10.205457	1.102482	0	0	0	0	16.6811695	4.130668	0	1.2425625	0.269139	0	0.59925	0.868389	28.592383	46.968476	13.570805	0.456
0	0	0	0	0	0.0165	0	1.0395	0	0.248	1.304	0	0	3.3919	6.22965	3.181412	0	2.31	0	0	13.50175	0.001934	0	1.77875	1.0004	0	0.300927	1.301327	17.30085	15.90715	2.010572	4.646592
0	0	0	0	0	0.13494	0	0.2625	0	0	0.39744	1.848678	1.559439	4.463239	3.04515	3.4242	0	0	1.2495	0	9.22395	1.5051	0	0	1.706816	0	0.0126	1.719416	23.51201	36.45175	6.823113	2.4525
0	0.1275	0	0.1275	0.004995	0.590157	0.590157	0.170625	0	0.5183	1.284077	2.64495	2.83091	4.717892	0	0	0	0	0	0	0.615971	0	0	0.615971	1.348	0	2.03375	3.404225	18.57503	33.40266	7.231573	4.7562
0.247086	1.238511	0	1.485597	0.0204975	1.122986	0	0.0126	0	1.000843	2.156927	2.176473	0	11.36793	1.726425	0.85525	0	0.5565	0	0	4.986375	1.5762	0	0.272	1.950587	0	0.207	2.226888	26.61135	70.66845	36.41561	0
0.16225	0	0.483	0.64525	0.443625	0.580902	0.470925	0.263725	0.263725	0.172576	1.460828	0.92565	0.089175	4.506353	4.610432	0.2471	0	2.353838	0	2.439619	10.01005	0.359057	0	0	0.6565125	0	0.185325	0.8418375	31.67302	9.906437	1.728231	1.449
3.023375	0	0.023122	3.046497	0	0.4291235	0	0	0	0.572169	1.001292	0.4647495	0	7.370291	2.015271	0	0	0.7008	0	0	3.716471	1.0004	0	0	0.2418375	0	0.4376085	0.679446	13.98053	33.85689	19.27904	0
0.1253	1.3513	0.072	1.5486	0	0.71225	0.35625	0.35	0	0.3068	1.36905	0	1.4188	10.29193	3.3115	1.9768	0	0	0	0	6.8332	0.5425	0	1.0024	1.6379	0	1.443	3.0809	54.44855	49.57867	24.39384	0.528
0	0.284375	0	0.284375	0.0015	1.01909	0.4544	0.19375	0	0.464906	1.679246	0	0	12.345	5.956925	0.4942	0	1.846	3.1008	4.98155	16.37947	0	0	0	0.0125	0	0.24675	0.25925	21.87376	41.80342	6.9558	8.568
0	0.3302	0	0.3302	0	0.6691	0	0.0318955	0.0318955	0.2244085	0.925404	0	0	5.651388	1.42325	0.4942	0	0.2870595	0	0	2.206468	0.001958	0	0	0.320724	0	1.18794	1.508664	14.70667	20.69273	10.8843	0.924
0.8304885	0.657725	0.502003	1.990217	0.302375	1.227937	0.22	0	0	0.6764395	2.206752	0	1.29245	6.9207	2.3625	2.7533	0	0	0	0	8.15686	0.878935	0	2.162125	0.24015	0	0.3319375	0.5720875	26.77866	73.00043	10.8496	0
1.399275	0.0021	0	1.401375	0.166052	0.166052	0.166052	0	0	0	0.332104	0	1.026025	3.442693	0	0	0	2.557253	0	0	3.508378	0.951125	0	0	0.890625	0.56175	0	1.897275	10.74557	14.65702	55.10957	0
0.2546	1.7656	0	2.0202	0	0.9778955	0	0	0	0.931743	1.909639	3.1517	0.5454	8.381134	0.47075	2.259649	0	5.251697	0	0	11.0439	3.0618	0	0	0.8595525	0	0.830585	1.690138	33.01713	66.25703	8.610534	0.88575
0	0.04896	0.001	0.04996	0	0.114	0	1.4905	0	0.03125	1.63575	0.141	0	5.432941	0.8885	1.868613	0	0	0	0	3.255444	0.216911	0	0.28142	0.430257	0	0.453075	0.883332	27.26903	52.72811	19.11969	0
0.28862	0.23167	0.62	1.14029	0	0.0419	0.0219	0.3304805	0	0.482525	0.8549055	0	2.122675	3.427833	1.49	0	0	4.47	0	0	8.785475	2.825475	0	0	0	0.40824	0	0.40824	12.33103	26.36376	6.49213	0.525
0.23538	0.1785	0.992	1.40588	0.0959055	0.259151	0.0959055	0.105438	0	0.213619	0.6741135	0	0.565287	2.226596	0.582032	1.020663	1.107099	2.2005	0	0	8.365029	0.6811	0	2.773635	0.06	0.49875	0	0.55875	22.11564	29.78372	17.34636	0
0	1.16645	0.01034	1.17679	0	0.10725	0	0.0975	0	0.5846	0.78935	0	0.238	1.757625	0.0975	0	0	0	0	0.10725	0.45855	0	0	0.2538	0.2188375	0	0.24675	0.4655875	5.79076	9.072612	17.15783	0.6525
0	0.0119	0	0.0119	1.186733	0.309175	0	0	0	1.23875	2.734659	0	1.257815	4.019165	5.486937	0.9884	0	0	0	0	16.95099	0.883575	0.612102	8.979975	0.456075	0.1141875	0.630525	1.243288	58.96895	43.68244	15.47446	0
0	0	0	0	0.9856	0.489125	0.4875	0	0	0.045855	1.52058	6.827065	2.1192	6.603957	5.3607	7.9518	0	0	0	0	16.85449	2.554991	0	0.987	0.1723915	0	0	0.1723915	20.66465	46.35911	9.580248	0
0.584687	0.741942	0.507997	1.834626	0.07326	0.050883	0.0287455	0	0	1.471363	1.595506	0.4142875	1.6296	8.277265	0	0.0537625	0	0	0	0	0.4922625	0.3461	0	0.0924	0.111368	0	0.0115	0.1240185	39.43832	21.49317	19.44814	1.23
0.00575	1.22705	0	1.2328	0	0.5886485	0.1512875	0.935436	0.2548	0.326565	1.85065	1.61133	0.99435	4.80365	0	0	0	4.408637	0	0	4.876481	0.467844	0	0	0.02605	0	0	0.07	27.66436	27.06532	6.807225	0
0.4529155	0.032157	0	0.4850725	0	0.14995	0.08645	0.8214625	0.2564625	0.44015	1.411563	0.86995	0.7952	1.47785	4.45325	1.18255	0	0	0	0	7.2144	1.5786	0	0	2.830525	0.3805245	0.15625	3.3673	10.07633	18.8751	3.500694	0.555
0	0	0	0	0.6707845	0.33145	0	0	0	1.519481	2.521715	0	0	2.817117	12.1021	0	0	0	0	0	15.23139	2.002799	0.035454	1.091038	0.03425	0.581175	0.5131225	1.128548	23.12476	27.30933	8.115141	0
0.25455	1.7539	0.496	2.50445	0.3458305	0.5594875	0.11965	0	0	0.5053825	1.4107	0	0.9333125	3.414062	0	0	0	2.07	3.876	5.0622	11.95406	0.56916	0	0.3767	0.08	0.2034	0	0.2834	17.16807	8.209342	7.75624	1.218
0.2484	0.6893285	0	0.9377285	0	0.583432	0.0965815	0.368786	0.104562	1.391525	2.343743	0	0	7.633417	2.91779	0.1817465	1.676451	3.433761	0	0	9.266732	1.056984	0	0	0.036028	0	0.626605	0.6632105	26.8431	35.92724	7.21343	0
0.0467475	1.661304	0.9672	2.675251	0	0.089	0	0.365	0	0.292646	0.746646	0	0.2725	8.357968	2.6756	1.8924	0	0	0	0	11.8011	2.0866	0	5.1465	1.6242	0	0.79015	2.4301	33.66655	64.63669	11.59506	1.8438
0	3.10315	0.304425	3.407575	1.77391	3.033591	0.5184535	0.06747	0.06747	2.574314	7.449285	0	6.479219	12.08018	0	0	0	0	0	0	4.11612	0.00135	0	4.11477	0.2214	0	0.9468045	1.168205	60.36843	24.03849	12.32606	0
0.6465	0.0255	0	0.672	0	0.07695	0	0	0	0.22475	0.3017	0	0	2.401784	1.1799	1.18255	0	0	0	0	3.816693	0.91386	0	0.5403825	0.8195495	0.306	0	1.125549	2.521089	14.39202	7.125328	1.008
0.191475	1.058955	0.023994	1.274425	0.4095	0.3376625	0	0.2870875	0	0.4446	1.47885	4.09805	0.5544	8.9196	0	0	0	0.576	0	0	1.336	0.76	0	0	1.56251	0	2.963472	4.525982	25.97308	57.76957	1.1956	0
0	0	0	0	0.45225	0.3459865	0	0.195	0	0.561819	1.555055	0	1.0089	8.775247	0.2089	2.31155	0	0	0	0	3.931453	0.522746	0	0.8882575	0.056865	0	1.832325	1.88919	27.90497	27.38892	7.176548	3.04725
0.9936	0.1185	0	1.1121	0.30175	0.1095	0	0	0	0.721927	1.133177	0	1.3293	2.19186	1.33875	0.8208	0	0.24948	0	0.519	6.562615	1.612335	0	2.02225	0.4108	0	0.4902	0.901	59.19425	27.88202	0.5446	0
0.922925	0	0	0.922925	1.690889	0.4130285	0	0.305	0.305	0.388828	2.797745	0	0	1.297039	4.793175	0.6123075	0	1.341988	0	0	7.464745	0.7172745	0	0	0.234	0	1.912028	2.151681	14.36138	58.49737	14.90982	0
0.8642595	1.002455	1.057303	2.924018	0.0043	0.113198	0.014598	0	0	0.3138105	0.4313085	1.0305	1.213118	7.711194	0.7988625	0.7803	0	0	0	0	3.707062	2.1279	0	0	1.5298	0	0	1.5298	28.90884	26.16132	28.5483	0
0	0.3876215	0	0.3876215	0.3716025	0.432875	0.103125	2.751462	0	1.035586	4.591526	0.86625	0.4854	4.928645	2.85	1.342552	0	1.50855	4.4115	0	10.23003	0.025425	0	0.0920025	0.006	0	0	0.006	79.8915	34.20569	11.96345	2.52
0.0034875	0.816	0.248	1.067487	0	0.67554	0.009375	0.708	0.259875	0.1559645	1.539505	0	1.228862	4.361237	0.5034375	0.1544375	0	0	0	0	1.633687	0.80925	0	0.1665625	0.33985	0	0	0.33985	12.42231	14.955	3.528307	0
0	0.6217	0.257725	0.879425	0.4968	0.1583	0	0.66625	0	0.1352	1.45655	0	0.26445	4.612532	0.7125	0.1575	0	1.3948	0	0	2.3929	0	0	0.1281	0.6235	0	0.1875	0.811	20.98695	37.07224	23.04046	0
