"Axis"	"Eigen"
1	0.0649065986782145
2	0.0367367563178898
3	0.0282294782933875
4	0.0227720779873062
5	0.0206745497098526
6	0.0188471448241842
7	0.0175459840753836
8	0.0144344525196499
9	0.0142175203821146
10	0.0140805070608266
11	0.0136899002375223
12	0.0132098442254126
13	0.0126277060616792
14	0.0122855417905414
15	0.0119732523884545
16	0.0114761028709618
17	0.0113352283057789
18	0.0106918213240707
19	0.0105761167626256
20	0.0103188225667563
21	0.00974430597711365
22	0.00963177731007772
23	0.0095288551244668
24	0.0094205916188923
25	0.00912006096932676
26	0.00893061111365116
27	0.00883359085755969
28	0.00873770764292698
29	0.00851121149693781
30	0.00833178439125038
31	0.0082342880267033
32	0.00814167507543688
33	0.00811154714339157
34	0.00779007622640133
35	0.0077529719166167
36	0.00760267370097851
37	0.00737915983634385
38	0.00734678969076356
39	0.0072385744365432
40	0.00716764481942011
41	0.00695935633765766
42	0.00684619496753052
43	0.00674109532814109
44	0.00665500028876991
45	0.00657427748657567
46	0.00650904565179286
47	0.00644056056002711
48	0.00632519699589148
49	0.00614741655511118
50	0.0060931779733861
51	0.00608593218623205
52	0.0059439435161355
53	0.00580879382067185
54	0.0057761019544294
55	0.00565485590234408
56	0.00556298896390121
57	0.00549951334463866
58	0.00546440247874494
59	0.00540336702748504
60	0.00529497257121214
61	0.00520702066097843
62	0.00508010679177787
63	0.00504837516837419
64	0.0049984823739652
65	0.00490940760781434
66	0.00489843260510762
67	0.00483563728276358
68	0.00475681436087606
69	0.00471856470521255
70	0.00465754211436721
71	0.00463238645588951
72	0.0045676295047512
73	0.00449464730225527
74	0.00443154175057874
75	0.00438547065112768
76	0.00433440424651757
77	0.0042827237902256
78	0.00424369114144725
79	0.00418599662433534
80	0.00416031499176192
81	0.00405895077302197
82	0.00404395448001455
83	0.00398355771170056
84	0.00390722571879759
85	0.00384504774713604
86	0.0038242008102024
87	0.00377874978774567
88	0.00372222109761898
89	0.00370446758171849
90	0.00362695378651697
91	0.00362029003078721
92	0.00359214765698005
93	0.00355758485895132
94	0.00347823481690285
95	0.00346958185422187
96	0.00344044446001884
97	0.00339074836572505
98	0.00335470538943316
99	0.00332183190909275
100	0.00326810850331984
101	0.00323439557577859
102	0.0032238133415391
103	0.00315814786261466
104	0.00313545883160043
105	0.00308604432313958
106	0.00307920979201052
107	0.00304412246632567
108	0.00302552962869509
109	0.00294130532962997
110	0.00293578791714731
111	0.00289479362488854
112	0.00288342535401287
113	0.00285635216427701
114	0.00280828365284333
115	0.00274207998359974
116	0.00271691919137384
117	0.00269588533285848
118	0.00268010194222698
119	0.00264406974578666
120	0.00260642857248027
121	0.00255484508009364
122	0.00251089808992846
123	0.00247626501392113
124	0.00246995889535508
125	0.00243528738457066
126	0.0024235638833398
127	0.00238262333039908
128	0.00235517226852405
129	0.00235088314016307
130	0.002315669381512
131	0.002293768255652
132	0.00228520568393683
133	0.00223026042811952
134	0.00222652556650397
135	0.00221032742132376
136	0.00217649384516041
137	0.00215112274653905
138	0.00211577282661271
139	0.00209091977056688
140	0.00205658880454638
141	0.00202129170489741
142	0.0020069763650182
143	0.00197764378539694
144	0.00193591792285381
145	0.00192564171543808
146	0.00191631434672351
147	0.00189717036934308
148	0.00189111210624707
149	0.00183570117595577
150	0.001802878884076
151	0.00178874623510487
152	0.00178532734679164
153	0.00173183861458275
154	0.00168676793657114
155	0.001666403408651
156	0.00163430441704937
157	0.00161804830983536
158	0.00159974015252965
159	0.00158091635843632
160	0.00155442784710517
161	0.00153270417992561
162	0.00151329588418274
163	0.00146338298464934
164	0.00145962546177164
165	0.00143502312721049
166	0.0014052335523532
167	0.00140148033830475
168	0.00135388320222289
169	0.00135214233962711
170	0.00133294252788584
171	0.00130405921049115
172	0.00127924513464555
173	0.00126008080052865
174	0.00124977721350262
175	0.00122876955176881
176	0.00119679695078947
177	0.00118392360705449
178	0.00115072875368966
179	0.00113822890417154
180	0.00111779277293558
181	0.00111516821364203
182	0.00110466822932814
183	0.0010818157401026
184	0.00105548505896097
185	0.00103548372260629
186	0.00102404460068531
187	0.000990974025630236
188	0.000964331207044532
189	0.000935643316943356
190	0.000919624633237262
191	0.000901449487688704
192	0.000873331710701619
193	0.000863169155537565
194	0.000821074373573286
195	0.000800550850154476
196	0.000777688457252489
197	0.000736436018549016
198	0.000732052963035256
199	0.000707715738723058
200	0.000697206912372953
201	0.000681727510270124
202	0.000678900747129536
203	0.000650098560963818
204	0.000625619887884907
205	0.000598563610281223
206	0.00057826483870053
207	0.000569506628835277
208	0.000534990849362006
209	0.000506237009545291
210	0.000498889301919862
211	0.000480729881533785
212	0.000460713241555768
213	0.000448023974985836
214	0.00042898939888226
215	0.000405290252757492
216	0.000392052503574466
217	0.000369190139953103
218	0.000359238765174698
219	0.000345770678658633
220	0.00032258471281211
221	0.000310392364542337
222	0.000285127465688702
223	0.00027932713426862
224	0.000236840360026451
225	0.000221338404015341
226	0.000201555696724751
227	0.000192682441522164
228	0.00016731986499953
229	0.000138051983639536
230	0.000129188846221314
231	0.000123700250626833
232	8.52842720992071e-05
233	5.71290274765831e-05
234	3.86037763103301e-05
235	2.8131087190002e-05
236	2.60873938987316e-07
237	0
238	-8.09115092540179e-06
239	-2.70371910977575e-05
240	-5.51267449371623e-05
241	-7.70041752596679e-05
242	-0.000108261968258374
243	-0.000119345578360858
244	-0.000127473167390398
245	-0.000158525943286438
246	-0.000176797699510773
247	-0.00019425531614734
248	-0.000198441706116593
249	-0.000243803855848866
250	-0.000274697495432024
251	-0.000283704357258094
252	-0.000290273343005049
253	-0.000318715880128886
254	-0.000342569081625005
255	-0.000375721406056582
256	-0.000401517999999413
257	-0.000419625626823109
258	-0.000442095324555375
259	-0.000456950956748381
260	-0.000483661945327471
261	-0.000500550142520617
262	-0.000548139669915343
263	-0.000564986759092779
264	-0.000588361687589343
265	-0.000605229431091078
266	-0.000619736074183174
267	-0.000668401159232024
268	-0.000680771120554732
269	-0.000740478825919259
270	-0.000765199515917597
271	-0.000815417219232842
272	-0.000840892206238584
273	-0.000881647282033194
274	-0.000977023436161974
275	-0.00100307394415989
276	-0.00103915225485888
277	-0.00106026385841493
278	-0.00115857075903719
279	-0.00118084110001174
280	-0.00225608348761876
