"Axis"	"Eigen"
1	0.0368489555777288
2	0.0266644360804996
3	0.0213868647923709
4	0.0205212361974989
5	0.0194789228554603
6	0.0189456101322185
7	0.018058450164233
8	0.0176406367591997
9	0.0162714189532656
10	0.0152348617991051
11	0.0148480766452377
12	0.0142632285084253
13	0.0139810477952277
14	0.013415793756113
15	0.0132042820924344
16	0.0125479934562339
17	0.0122835030345268
18	0.0116707798162748
19	0.0113692416917242
20	0.0111071507761883
21	0.0108016415364908
22	0.0106157017482349
23	0.0103805665346497
24	0.01010542143233
25	0.0100103397057217
26	0.00975666213342014
27	0.00956381091462933
28	0.00904376025655449
29	0.00882722381940083
30	0.00858576124972698
31	0.0085148008876813
32	0.0082187040580975
33	0.00807320675451618
34	0.00796392503794197
35	0.00787685181303447
36	0.00775478231271508
37	0.00746837942909194
38	0.00729034117350761
39	0.00720052433478789
40	0.00706540147780991
41	0.0070319433637218
42	0.00694594771618859
43	0.00687199279786869
44	0.00676824159465433
45	0.00660775723360105
46	0.00648515411353822
47	0.00639253813723339
48	0.00633211475907125
49	0.00626214524005162
50	0.00616430833964675
51	0.00607943397866841
52	0.0059416470426877
53	0.00589625112648301
54	0.00576983454130936
55	0.00561483676260673
56	0.00552162021857345
57	0.00549106433652732
58	0.00542958329865625
59	0.00539018357918865
60	0.00524998210739033
61	0.00522939282750066
62	0.00513294311321852
63	0.00504952434883073
64	0.00498336170618892
65	0.00496797192277709
66	0.00488140062611788
67	0.00483397047364072
68	0.00479744569832291
69	0.00471284200217518
70	0.00466591919580292
71	0.00457930070630186
72	0.00455354639265093
73	0.00448849083545446
74	0.00438366079104139
75	0.00429592525181389
76	0.00424133297095653
77	0.00422831724263229
78	0.0041803957114628
79	0.00414702303135843
80	0.00408291957957422
81	0.00404347725942221
82	0.00396749263356609
83	0.00393247196137983
84	0.0039179010328674
85	0.00385145247382157
86	0.00381523351912932
87	0.0037880443742535
88	0.00377970179446393
89	0.0036987112407331
90	0.00365114015576374
91	0.00363715082458962
92	0.00357875087191843
93	0.00353635615938858
94	0.00347740082669694
95	0.00346104805830024
96	0.00340280991330712
97	0.00337677003883488
98	0.00332995558040665
99	0.00331448898213761
100	0.00327636525038055
101	0.00323464418731794
102	0.00320589273313026
103	0.00315256253090908
104	0.00315022308725361
105	0.0031012966236612
106	0.00309033031455373
107	0.00303606087195565
108	0.0030065079938765
109	0.00297001851863033
110	0.00296375975631605
111	0.00293262707399137
112	0.00291582124561663
113	0.00288942789971605
114	0.00284785813611655
115	0.00280751138396412
116	0.00279659002668731
117	0.0027501225600813
118	0.00272855394165739
119	0.0027140539330292
120	0.00265474990505073
121	0.00262628834735592
122	0.00261028197470798
123	0.00257081931837774
124	0.00256287751593357
125	0.00252353089140193
126	0.00247395533818364
127	0.00246178110298469
128	0.00245559654659944
129	0.00243900177066339
130	0.00239774726585257
131	0.00237387254515884
132	0.00234360673762159
133	0.00232609894752894
134	0.00231488515470209
135	0.00227764089151315
136	0.00225725458395154
137	0.00223507683310085
138	0.00220353424043569
139	0.00217681223554794
140	0.00216188371607508
141	0.00213512359762043
142	0.00211343122471001
143	0.0020960079135982
144	0.00208166426446208
145	0.00205721067060361
146	0.00203988575149539
147	0.00202211667464997
148	0.00199416184771271
149	0.00198336537900508
150	0.00195303256466038
151	0.00193869435291678
152	0.00192894544581825
153	0.00190767253024433
154	0.00188850841749944
155	0.00186415170465182
156	0.00183722968210394
157	0.00181985346060647
158	0.00180317280961062
159	0.00178156446521366
160	0.00177638232232628
161	0.0017526241067557
162	0.00173594719398143
163	0.00173410082392765
164	0.00172633894727927
165	0.00170141348753581
166	0.00169176915236047
167	0.00167090220636685
168	0.00165263271595746
169	0.00163902920467111
170	0.00162355981113091
171	0.00161566450300293
172	0.00158349396393856
173	0.00157004492647053
174	0.00155987763092781
175	0.00154211269664029
176	0.00152639450957499
177	0.00152228402069631
178	0.00151126958652654
179	0.00148766091036529
180	0.00147737323046138
181	0.00146390460109051
182	0.00144544170057798
183	0.00142674846278154
184	0.00141095624932938
185	0.00140035034891871
186	0.00140002941079521
187	0.00138624091368828
188	0.00137597996300406
189	0.0013728179553047
190	0.00135520394901374
191	0.00135477486131807
192	0.0013354853835949
193	0.00132331064303158
194	0.00131549420589613
195	0.00129995771982837
196	0.00128299248900464
197	0.00125945861425139
198	0.00124718211922153
199	0.00123745549060737
200	0.00122817909573481
201	0.00121014731129953
202	0.00119735412719638
203	0.00118419437748375
204	0.00117243255789017
205	0.00116546569859484
206	0.00114975672264116
207	0.00113784804936767
208	0.00112884611129553
209	0.00111310228052345
210	0.00109913188313518
211	0.00107576605646126
212	0.00107117279967794
213	0.00106722168426372
214	0.00105892676405526
215	0.00105272828088639
216	0.00104014437119028
217	0.00102071507200098
218	0.00101875005878651
219	0.0010085551197958
220	0.0010026133473773
221	0.000982452027980435
222	0.000980433313498958
223	0.000968205446845967
224	0.000957865472656247
225	0.000943470749256032
226	0.000929450650327891
227	0.000917003790260131
228	0.000910718143444621
229	0.000888798837082543
230	0.000886333020748003
231	0.000873947399922371
232	0.000862674650779413
233	0.000854606596926294
234	0.000852570284345299
235	0.00083478745669051
236	0.000827135997170185
237	0.000821981079407107
238	0.000813163882590314
239	0.000796298499844912
240	0.000787171477132908
241	0.000785825063318122
242	0.000772238720473955
243	0.000754592438992713
244	0.000748080234604566
245	0.000740307904544864
246	0.000735705856816251
247	0.00072649407786875
248	0.000705123373791972
249	0.000703453043325074
250	0.00069834341648557
251	0.000683589502607804
252	0.000668429626706979
253	0.000659936790955541
254	0.000652861042319541
255	0.000647657033021153
256	0.000639919399305866
257	0.000623839362603989
258	0.000621588660557693
259	0.00061422626694229
260	0.000608896701023549
261	0.000601858798561263
262	0.000587726720280785
263	0.000584917983500395
264	0.000576126454505811
265	0.000567968306628353
266	0.000564893437698907
267	0.000558698766097164
268	0.000551726490267651
269	0.000543620183782145
270	0.000530200572185538
271	0.000520336674983251
272	0.000517858300290897
273	0.000508504855872146
274	0.000502489744704387
275	0.000491924335470485
276	0.000487505546927439
277	0.000487026300503899
278	0.000471657813273174
279	0.000465846358406736
280	0.000459101613313967
281	0.000455599300610635
282	0.000452923996401403
283	0.000443316580730104
284	0.000435849119834974
285	0.000430431418139751
286	0.000425286796959907
287	0.000414380855373972
288	0.000404562775240123
289	0.000394789799684679
290	0.000388866547162977
291	0.000381378037235896
292	0.000372059219880597
293	0.000364060900821819
294	0.000354622664736218
295	0.000349448507776553
296	0.000347911209958937
297	0.000336948378386553
298	0.000331863497295812
299	0.000321131777061087
300	0.000314937909152067
301	0.000307695670182973
302	0.000297443285770364
303	0.000293722167190969
304	0.000287910925004257
305	0.000278284527075816
306	0.000277202639978701
307	0.000268866986092715
308	0.000265689358050569
309	0.000260343087390258
310	0.000252395601531589
311	0.000241355453678079
312	0.000235538621436629
313	0.000227415280250021
314	0.000226173354962387
315	0.000219505483441044
316	0.000213406484002397
317	0.000211277918617435
318	0.000207709787430505
319	0.000197312570253975
320	0.000194070951865485
321	0.000182683336177835
322	0.000179262852358377
323	0.000176590022257363
324	0.000171785428230121
325	0.000165900849504779
326	0.000158012303247369
327	0.000157024857852938
328	0.000150110257038114
329	0.000142879392420758
330	0.000139394617779582
331	0.000129680291360723
332	0.000128326116675298
333	0.000117695389268169
334	0.000114707677594105
335	0.00011273297270524
336	0.000104102550340438
337	0.000100183586849351
338	9.76401141968167e-05
339	8.73542676552071e-05
340	8.51548136624637e-05
341	8.323519709943e-05
342	7.47933050200427e-05
343	7.30733746156748e-05
344	6.11889563960136e-05
345	5.81912432731262e-05
346	5.44785185478744e-05
347	5.13913646208129e-05
348	4.57749247661391e-05
349	3.99563264300251e-05
350	3.78463984181954e-05
351	3.4014962978192e-05
352	3.01240424647661e-05
353	2.5624698633112e-05
354	2.19932402736577e-05
355	1.8431769671567e-05
356	1.71056018668928e-05
357	1.11991601787296e-05
358	9.38547388014746e-06
359	4.98179261397851e-06
360	4.96145408322184e-07
361	4.21692689538563e-08
362	0
363	0
364	0
365	0
366	0
367	0
368	0
369	0
370	0
371	0
372	0
373	0
374	0
375	0
376	0
377	0
378	0
379	0
380	-4.93642280266607e-07
381	-1.08635055795166e-06
382	-7.12906334966571e-06
383	-1.09386716273067e-05
384	-1.41115119120257e-05
385	-1.62899762174166e-05
386	-1.88315175460943e-05
387	-2.5408186289506e-05
388	-2.6923906317418e-05
389	-2.77411317424302e-05
390	-3.39580521699323e-05
391	-3.48513667285299e-05
392	-3.84742173850809e-05
393	-4.42873672147931e-05
394	-4.47522854175576e-05
395	-5.03363916952061e-05
396	-5.1014728453525e-05
397	-5.87542121637695e-05
398	-6.22674128678072e-05
399	-7.01738511861039e-05
400	-7.19856059636858e-05
401	-7.77777619011407e-05
402	-8.01645460518724e-05
403	-8.40082479277511e-05
404	-8.53932207949579e-05
405	-9.50202202740914e-05
406	-9.9225249779257e-05
407	-0.000106700713977609
408	-0.000110337194765185
409	-0.00011993153914408
410	-0.000122197117180954
411	-0.000125902379387333
412	-0.000128121151382441
413	-0.000132300085765185
414	-0.000134372628009886
415	-0.000142660684854023
416	-0.000146081093946422
417	-0.000148684219634329
418	-0.000152106232284021
419	-0.00015746996021469
420	-0.000161457587141613
421	-0.000164030303821553
422	-0.000170340116688984
423	-0.000173326772773866
424	-0.000181636662125006
425	-0.000183353429731336
426	-0.000191002894778936
427	-0.000194685079558504
428	-0.000199652509108328
429	-0.000205450058935779
430	-0.00020817544887522
431	-0.000215051411527335
432	-0.000216177064942535
433	-0.000221095578058975
434	-0.000228049063001958
435	-0.000231680785485361
436	-0.000239454565191919
437	-0.000240352241162674
438	-0.00024329726897934
439	-0.000247703675801647
440	-0.000250573196491889
441	-0.000256070432039564
442	-0.000260528211703993
443	-0.000264990744547613
444	-0.000265423647343126
445	-0.000272402600747031
446	-0.000275700532813747
447	-0.000283515749453394
448	-0.000286345982331994
449	-0.000290150585106034
450	-0.000298319993569557
451	-0.000301898582960082
452	-0.000306578351182975
453	-0.000308542114060872
454	-0.000311821854493725
455	-0.000315022172150039
456	-0.000316128139794351
457	-0.000324593676666937
458	-0.000329714727575247
459	-0.000330619404942502
460	-0.000334729506654244
461	-0.000341755050209701
462	-0.000345905593311047
463	-0.000349223573233472
464	-0.000353234697524311
465	-0.000358598179059246
466	-0.000365300595840329
467	-0.000367308130924034
468	-0.000371287408669938
469	-0.000372439684933059
470	-0.000383424773523784
471	-0.000386104690957108
472	-0.000389727810234515
473	-0.000394813898145193
474	-0.000400927930247496
475	-0.000405484883722591
476	-0.000407875342693772
477	-0.000411048421197387
478	-0.000418446290945415
479	-0.000420025002829665
480	-0.00042635650020566
481	-0.000430383375028372
482	-0.000432797077933806
483	-0.000434214101739841
484	-0.000443426748585243
485	-0.000445735933675489
486	-0.000453069917757944
487	-0.000456689769789819
488	-0.000461122346490003
489	-0.000464806335196265
490	-0.000470309685693757
491	-0.000472413507372498
492	-0.000476603507882188
493	-0.000481367968072608
494	-0.000487971214167948
495	-0.000490413790406454
496	-0.000496876769337889
497	-0.000503304546022048
498	-0.00051102230637909
499	-0.000512141128172865
500	-0.000515962010239669
501	-0.000518549450043807
502	-0.000523033854670378
503	-0.000523592176635175
504	-0.000531741142656651
505	-0.000535018928420614
506	-0.000538043827673783
507	-0.000545372532852443
508	-0.000546149834013285
509	-0.000553050692130075
510	-0.000557502550944744
511	-0.000564383857364214
512	-0.00056813768558249
513	-0.000571835884385232
514	-0.000580273125698402
515	-0.000584232155908025
516	-0.000588504652359507
517	-0.000595231227266371
518	-0.000599088741820758
519	-0.000608198937156671
520	-0.000614144053130347
521	-0.000616797041646174
522	-0.00062007098770202
523	-0.000623160473443971
524	-0.000625237808406753
525	-0.000628531391572119
526	-0.000630423914033757
527	-0.000646344006300849
528	-0.000647231212237357
529	-0.00065444514424636
530	-0.000663554730961798
531	-0.000668380796332431
532	-0.000669407147629782
533	-0.000674554964504239
534	-0.000679621088017995
535	-0.000692345125957862
536	-0.000697275809204313
537	-0.0007052825016807
538	-0.000710921387606021
539	-0.000714708651635917
540	-0.000734190698261486
541	-0.000735634830182856
542	-0.000745455032793206
543	-0.000749896274914713
544	-0.000756515620781582
545	-0.000762194167072403
546	-0.000777557339111427
547	-0.000782504662697749
548	-0.000794604654708728
549	-0.000797630358590749
550	-0.000813196922680651
551	-0.00081550436490168
552	-0.000827418675708429
553	-0.000839654156889223
554	-0.000851592290515319
555	-0.000864822028954868
556	-0.000887425556599335
557	-0.000891976640259175
558	-0.000905569690305334
559	-0.000918354630137619
560	-0.000929066421471126
561	-0.000952415396522788
562	-0.00098647256259991
563	-0.00100781348653336
564	-0.00102386971287361
565	-0.00111202272168582
566	-0.0111167904328661
