"Axis"	"Eigen"
1	0.137473500237226
2	0.0989551871684047
3	0.062098608526867
4	0.046859879868992
5	0.0334690741681778
6	0.0298082154534932
7	0.0269528749107771
8	0.0209032334602191
9	0.0203511696916012
10	0.0156553870682214
11	0.0135252112879312
12	0.013233047516874
13	0.0130363326863096
14	0.0118917743776664
15	0.0113577951119525
16	0.0108796272010875
17	0.00979031617043218
18	0.00970503796736944
19	0.00925977333667684
20	0.0088311197727801
21	0.00871107337986623
22	0.00861926844261886
23	0.00841797807457568
24	0.00823918458166212
25	0.00798449983319128
26	0.00774771393024339
27	0.00742763170848814
28	0.00699569413149892
29	0.00687958040010626
30	0.00666101508405579
31	0.00647781435557681
32	0.00633823298328312
33	0.00614385534207257
34	0.00603882223756322
35	0.00592205174418942
36	0.0056411758116796
37	0.00550850951311754
38	0.00547256003114673
39	0.00521870158026286
40	0.00506856228026084
41	0.00499003192776381
42	0.00493427930886304
43	0.00489047881729311
44	0.00472370773428206
45	0.00465402451392818
46	0.00445971385091847
47	0.00438182365972093
48	0.00428792864692853
49	0.00426088838525242
50	0.00418746247549834
51	0.00409377298171469
52	0.00404829840069285
53	0.00398711986929993
54	0.00384920988636036
55	0.00382194844370125
56	0.00376144033290257
57	0.00368695996932104
58	0.00364062817092754
59	0.00357164221268334
60	0.00355209448660381
61	0.00348420705322783
62	0.00341047477203262
63	0.00337491439530037
64	0.00328892727394393
65	0.00324939613115367
66	0.00319390281903376
67	0.00318016678960754
68	0.00314729262928375
69	0.00307831194354788
70	0.00304023567978818
71	0.00298830106106978
72	0.00292862174833959
73	0.00292318211667309
74	0.00290022105044473
75	0.00284397329888286
76	0.00281056491798446
77	0.00276632480518292
78	0.00273867761227793
79	0.00273040401449597
80	0.00265562837561222
81	0.00263121169651715
82	0.00261349578516684
83	0.00254142381350854
84	0.00251093108948022
85	0.00245174071801992
86	0.00242894250519868
87	0.00241243199360662
88	0.00239634418449865
89	0.00237141313836308
90	0.00234843169482114
91	0.00233590191492697
92	0.00232579502797337
93	0.00229968148226468
94	0.00228138287885143
95	0.00225132775565813
96	0.0022225227480767
97	0.00220734618945225
98	0.0021800955309316
99	0.0021556531681515
100	0.00212111006233077
101	0.00208899893905256
102	0.00206536905965632
103	0.00203587330247179
104	0.00201902281907497
105	0.00199910727316945
106	0.00199629290283528
107	0.00196460226124126
108	0.00195049595189621
109	0.0019272553039722
110	0.00189378871040872
111	0.00188739815566814
112	0.00185198900350478
113	0.00184088890818874
114	0.00179587853420431
115	0.00178858211247123
116	0.00176701008036734
117	0.00176132324599642
118	0.00173918767233707
119	0.00173241095163483
120	0.00172298909217108
121	0.00167985840964498
122	0.0016757675339785
123	0.00163451901117837
124	0.0016067760134355
125	0.00160300579766071
126	0.00157836280506631
127	0.00157025073287242
128	0.00155162786640904
129	0.00154818762440548
130	0.00153610511615563
131	0.00151560515010985
132	0.00149437030261566
133	0.00146859358317858
134	0.00146189082639773
135	0.00144827908913249
136	0.00143204481035973
137	0.0014167966968551
138	0.00139517806687591
139	0.00139111225819201
140	0.00138873608928185
141	0.00137126501571171
142	0.00136040330983269
143	0.00134839700448994
144	0.00133513564359073
145	0.00132863197327812
146	0.00131532738863986
147	0.00129119876475988
148	0.0012864941477156
149	0.00126318525586691
150	0.00124434669527034
151	0.00123792030529503
152	0.00122958289921039
153	0.0012104075648731
154	0.00120168860797835
155	0.00118260494747416
156	0.00117206018722312
157	0.00116309997699453
158	0.00115697411546812
159	0.00115183223442548
160	0.00111661588825639
161	0.0011073828484823
162	0.001102829854526
163	0.00108612935447565
164	0.00107103851894488
165	0.00106141222733338
166	0.00105545432353987
167	0.00103996438533073
168	0.00102787337393196
169	0.00101913880381528
170	0.00101150066269661
171	0.00100145352553777
172	0.000980324119499031
173	0.000978546198348664
174	0.000966979708685449
175	0.000949992116734574
176	0.000943446060122817
177	0.000940069524466375
178	0.000916907258371085
179	0.000910400466519284
180	0.000907745177016108
181	0.00089968891401865
182	0.000895095585366571
183	0.000877854556750654
184	0.000871795269105637
185	0.000865227856143961
186	0.000859157752981758
187	0.000852048284134655
188	0.000842544526448892
189	0.000834392140783926
190	0.000824966572252944
191	0.000814154259101486
192	0.000806874899981403
193	0.000792925440508741
194	0.000791122923817021
195	0.000781143603256625
196	0.000774399132032546
197	0.000761046680801344
198	0.000751067872223041
199	0.000746955677448469
200	0.000742330695676537
201	0.000725066405247347
202	0.000712358492521442
203	0.000708100687260193
204	0.000702842356659188
205	0.000690408530922359
206	0.000684899405591773
207	0.000677199414037614
208	0.000665926320218776
209	0.000662379509177249
210	0.000650997599762162
211	0.000640318025035978
212	0.000628146033606052
213	0.000624240679663677
214	0.000622817627443477
215	0.00061784077785363
216	0.000606462031192224
217	0.000597744388767943
218	0.000593271027300973
219	0.000577733057127579
220	0.000575103916226631
221	0.000572460814293133
222	0.000563531437348382
223	0.000546026377793556
224	0.000544142077886679
225	0.000533650083175309
226	0.000528541965353498
227	0.000519497108710244
228	0.000510755573669113
229	0.000507913798698261
230	0.000498438595646926
231	0.000496975804169584
232	0.000486873873893799
233	0.000478749012113789
234	0.000467769414720209
235	0.000463972768001185
236	0.000458196633997662
237	0.00045240904290757
238	0.00044800086122865
239	0.000440724127351982
240	0.000433649806139528
241	0.00042750870764882
242	0.000419109864169989
243	0.00041335154034521
244	0.000405590964740741
245	0.000399357218930205
246	0.000396065911657029
247	0.000388480023099623
248	0.000382582856376078
249	0.000375872490479039
250	0.000369273622194908
251	0.000355694976296886
252	0.000353844807349518
253	0.000348892532091745
254	0.0003460038121526
255	0.00033449315995912
256	0.00033109961966859
257	0.000327250611192071
258	0.000321086283986299
259	0.000317083778361161
260	0.000311612032675343
261	0.000306953530577903
262	0.000299249801024064
263	0.000294708778857553
264	0.000286549270026312
265	0.000282987144642731
266	0.000277155005461901
267	0.000266906343339258
268	0.00026371194397543
269	0.000257646078458348
270	0.000251569726261877
271	0.000249589786030614
272	0.000234429338019254
273	0.00023395707352805
274	0.000230128915216912
275	0.000225349583678897
276	0.000217491357104909
277	0.000206825646108145
278	0.000205429930142261
279	0.000203276520928335
280	0.000199035414111342
281	0.000191197252380125
282	0.000185350766826426
283	0.000177252724705399
284	0.000175574144380754
285	0.000169719436400612
286	0.000163053541120257
287	0.000158922273812372
288	0.000154084629800169
289	0.000150521668759939
290	0.000141149253618443
291	0.000138001069193591
292	0.000136485635362528
293	0.00013134962068924
294	0.000127353563780383
295	0.000117160102525279
296	0.000111388211513305
297	0.000103963394148493
298	0.000103138365100045
299	0.000100988632765481
300	9.85085242448055e-05
301	9.13334325768827e-05
302	8.70249050700788e-05
303	7.9890903319153e-05
304	7.64012573362725e-05
305	6.83656294804481e-05
306	6.50759637769181e-05
307	6.18193418379341e-05
308	5.79883270796502e-05
309	4.92719179536058e-05
310	4.57697173047209e-05
311	4.39221623778035e-05
312	3.93349817242606e-05
313	3.84858009560108e-05
314	2.92507566750947e-05
315	2.65958944851567e-05
316	2.54895584959706e-05
317	2.49879670031993e-05
318	2.27309397685033e-05
319	1.97019271878675e-05
320	1.59716881683144e-05
321	8.95839422510662e-06
322	1.05535286665183e-06
323	6.09181067507986e-07
324	6.83855770815797e-08
325	0
326	0
327	0
328	0
329	0
330	0
331	0
332	0
333	0
334	0
335	0
336	0
337	0
338	0
339	0
340	0
341	0
342	0
343	-6.04661937895621e-07
344	-1.7088136287101e-06
345	-6.44856527291731e-06
346	-7.93102715038143e-06
347	-1.20380244602666e-05
348	-1.61669024010853e-05
349	-2.205908095944e-05
350	-2.36864752540694e-05
351	-2.92985452203396e-05
352	-3.14417665292827e-05
353	-3.30524115763034e-05
354	-3.39039146089112e-05
355	-3.5886679472812e-05
356	-4.04435743509297e-05
357	-4.27040855708417e-05
358	-4.60247050346199e-05
359	-4.98248534840185e-05
360	-5.20085663994852e-05
361	-5.6364875685547e-05
362	-5.98453750405028e-05
363	-6.20520130499939e-05
364	-7.10810646606287e-05
365	-7.39602708978045e-05
366	-7.48523873651437e-05
367	-7.86664893309783e-05
368	-8.70317018874117e-05
369	-8.90843851123612e-05
370	-9.52945725431619e-05
371	-9.72747295754008e-05
372	-0.000102953910262032
373	-0.000111804172073336
374	-0.000114642965789769
375	-0.000118604776858297
376	-0.000119522401123577
377	-0.000122587702953604
378	-0.000125196448640352
379	-0.000130737536616433
380	-0.000134108474407475
381	-0.00013749048570204
382	-0.000143094916709528
383	-0.000144935092279157
384	-0.000147710680262312
385	-0.000155113902129473
386	-0.000157607070788043
387	-0.00016064784648709
388	-0.000164049429119735
389	-0.000165514846016824
390	-0.00017355139422913
391	-0.000179441597220981
392	-0.000181863407577124
393	-0.000186828790696874
394	-0.000190465595533522
395	-0.000190809956405104
396	-0.000196602073165876
397	-0.000202449397191656
398	-0.000204956599164103
399	-0.000207607674366755
400	-0.000209193560258576
401	-0.000213521402955266
402	-0.000215196440823875
403	-0.00022167963288604
404	-0.000225319739717262
405	-0.000226641705808173
406	-0.000231044116474348
407	-0.000233870496956837
408	-0.000237325216477895
409	-0.000238598630254125
410	-0.000242430317574433
411	-0.000246127902007896
412	-0.000251992895858693
413	-0.000255576953195706
414	-0.000259621983767476
415	-0.000262266362331061
416	-0.000264434453613589
417	-0.000266927421660947
418	-0.000273230018357858
419	-0.0002742941271853
420	-0.000280011172641249
421	-0.000283204603668888
422	-0.000284230110330602
423	-0.000286411966120822
424	-0.000294128727258542
425	-0.000298681942826301
426	-0.000302036635152157
427	-0.000309133790247469
428	-0.000310712611733053
429	-0.000312345028579251
430	-0.00031622517779746
431	-0.000317754880568306
432	-0.000321034675234825
433	-0.00032479760219416
434	-0.00033235180503255
435	-0.000333658590382306
436	-0.000338876333137548
437	-0.000340900469814048
438	-0.000343026706327777
439	-0.000348736281885092
440	-0.000351894210038725
441	-0.000358900991358062
442	-0.000363740085899539
443	-0.000366569294177913
444	-0.000367155097839517
445	-0.000371808514562112
446	-0.000376094878201675
447	-0.000379743793121265
448	-0.000383123124467021
449	-0.000384811140532882
450	-0.0003878446821357
451	-0.000391178603725103
452	-0.000399194313328292
453	-0.000399313419556501
454	-0.000401866184639877
455	-0.000404380689756389
456	-0.000407072764604452
457	-0.0004124636177303
458	-0.000415885025221138
459	-0.000417341423764337
460	-0.000426035309600684
461	-0.000429340799827912
462	-0.000431538867184684
463	-0.000433965601017137
464	-0.000437517802622481
465	-0.000442360222324256
466	-0.00044344901052476
467	-0.000451605002435395
468	-0.000453579360529617
469	-0.000455948546303251
470	-0.000461382044658716
471	-0.000465584452158762
472	-0.000468994116975692
473	-0.000472553606404345
474	-0.000477788423201788
475	-0.000484216107587625
476	-0.000484633532637203
477	-0.000491432322841498
478	-0.000492269677911681
479	-0.00049415702201893
480	-0.000496844913445981
481	-0.000499658977724541
482	-0.000505742558348765
483	-0.000510126871712616
484	-0.000511370598467059
485	-0.000515863770211014
486	-0.000518383503349508
487	-0.000523270828278309
488	-0.000527989632756597
489	-0.000532754051035424
490	-0.00053897997428061
491	-0.000542528057021772
492	-0.000545138156629892
493	-0.000547787757294979
494	-0.000552045100996328
495	-0.000555230377628717
496	-0.00056018939772955
497	-0.000562517204808271
498	-0.000567850961147074
499	-0.000571913948997836
500	-0.000573124429735398
501	-0.000581601520702458
502	-0.000584248116541212
503	-0.000587455190683855
504	-0.000589809607466423
505	-0.000595115077632366
506	-0.00060096792608687
507	-0.000606350192997406
508	-0.000611264932345776
509	-0.000616248770724887
510	-0.000618184777832397
511	-0.000624339616990097
512	-0.000626055441174026
513	-0.000630399492919523
514	-0.000634514667705884
515	-0.000640967248363369
516	-0.000646857985271733
517	-0.000649426051645936
518	-0.000655259015196835
519	-0.000661550799468882
520	-0.000666909764305159
521	-0.000670490606685246
522	-0.000673158513030983
523	-0.000682724590199447
524	-0.000686987852608613
525	-0.000693840881929978
526	-0.000697716865011947
527	-0.000705697069582858
528	-0.000709390340433844
529	-0.000714783183052117
530	-0.000721299582710095
531	-0.000732206341668005
532	-0.000735153685488856
533	-0.000741476043826065
534	-0.000750398829573439
535	-0.000756912761092412
536	-0.000758773238305253
537	-0.000764238640754755
538	-0.000768774250927955
539	-0.000769227593770315
540	-0.000773422393780487
541	-0.000790201972526674
542	-0.000798143166944497
543	-0.000809960625257669
544	-0.000814878936635567
545	-0.000829122525605295
546	-0.000834270345625728
547	-0.000847214179459087
548	-0.000863435451147919
549	-0.000867002418908794
550	-0.000902835516724545
551	-0.000913437912364112
552	-0.00092007702362825
553	-0.000937237704499254
554	-0.00096581361168879
555	-0.000971321598114755
556	-0.0010042166850434
557	-0.00101249322809598
558	-0.00108843115898839
559	-0.0011266829072343
560	-0.00120386744881617
561	-0.0012631141383862
562	-0.00130649278749269
563	-0.00136763943269443
564	-0.00160714050332975
565	-0.00184834540186829
566	-0.00200533810274163
