GRMS	SODI	CARB	SUGR	MAGN	TFAT	SFAT	CHOL	ATOC	ACAR	RET	BCAR	CRYP	LYCO	LZ	CALC	NIAC	FDFE	POTA	CHL	VC	VD	CAFF	THEO	ALCO	S140	S120	P226	NoOfItems
1965.47	1658	75.125	10.555	105	35.38	9.6945	190.5	1.82	433	25	1004	61.5	314.5	393.5	120	15.209	183	1054.5	156.85	35.6	0.7	2	0	0	0.2775	0.0225	0.0045	13
1117.965	1031	76.67	44.09	64	19.19	4.7575	335	3.11	79.5	127	472.5	26	6899.5	624.5	135.5	7.666	135.5	642	267.5	39.55	1.85	23.5	0	0	0.0935	0.009	0.046	7
1869.905	1764.5	96.505	30.075	85.5	40.755	15.8325	97.5	1.465	16	93	76.5	3	940.5	50.5	446	10.5915	227.5	696	85.5	6.8	0.5	193	0	0	1.3245	0.794	5e-04	9
1251.12	1197	100.59	59.94	70	20.025	7.365	137	1.585	0	122	49.5	2.5	0	177	384	5.719	126.5	813.5	120.4	75.25	1.15	2.5	91	0	0.6875	0.35	0.0155	10
1136.475	1039	88.955	51.83	124	34.84	13.816	62.5	2.68	318.5	113	2119	83.5	0	1616.5	343.5	8.647	150.5	1465.5	99.2	47.6	1.55	53.5	60	0	0.6925	0.1965	0.008	10
1096.885	1670	95.305	26.1	82	46.725	12.553	51.5	8.11	1	20	32	4.5	540.5	90.5	119.5	8.4425	68.5	918.5	89.8	6.95	0.4	2	59.5	0	0.322	0.053	0.0015	7
5326.225	1393	131.7	90.425	123.5	22.225	7.9365	133	1.79	113.5	51	2337	18	545	3782	350	11.278	111	922.5	112.05	103.6	0.1	0	0	0	0.5135	0.9295	0.004	9
1814.63	418	183.535	146.385	132.5	38.285	22.663	154.5	1.23	38	359.5	99	0	0	84	493.5	4.5135	45	1781	122.05	47.8	0.7	129.5	0	0	3.664	1.3285	0	7.5
1381.565	1355	74.81	25.59	135.5	28.905	8.6625	189.5	3.1	985.5	47	2104	2	0	796.5	181	14.31	139	1150	218.05	9.9	0.8	48	5	0	0.379	0.3155	0.015	9
1440.695	1652.5	132.4	55.94	92	20.71	7.218	192.5	1.555	53	113.5	228.5	38.5	3.5	372	337	6.301	113.5	692	140.95	71.4	1.6	0	0	3.6	0.643	0.168	0.026	10
2980.56	4517.5	385.02	226.995	240	135.07	58.274	605.5	8.54	218.5	402.5	697.5	22	3.5	855	1367	26.037	559	2165.5	453.45	2.7	6.25	353.5	157.5	0	2.7365	0.8995	0.0795	16.5
4747.42	4747.5	213.95	51.1	461.5	149.975	40.98	224	17.52	33.5	395.5	643	55	7745	565	1116	42.5095	475.5	3316.5	347.25	64.3	1	330	0	27.9	3.1535	0.5705	0.011	14
5660.805	4172.5	269.39	91.895	348	147.35	57.0315	284.5	10.355	28	482.5	320	34	1508.5	401.5	1065.5	24.561	401	4030.5	314.75	33.75	3	1142	116.5	0	6.3935	7.3505	0.0095	16.5
3827.865	6219	265.33	70.975	333	175.995	68.3825	847	12.625	37.5	683	526.5	70	5855.5	1631.5	1143	30.5845	639.5	2426	635.4	55.6	4.05	0	0	0	7.7875	11.4395	0.0855	12
2800.685	5581.5	308.625	169.7	213.5	132.87	52.85	515.5	5.255	535	308.5	1893	4	5400	540.5	1119.5	42.3255	512.5	2364.5	394.45	15.4	1.15	135	0	0	5.49	0.751	0.0025	8.5
2894.295	2322	187.8	106.71	405	92.075	24.18	281	9.39	58	216.5	2367	65	1.5	5164	445	33.6875	321	3487.5	349	122.4	36.55	105	33.5	0	2.7385	0.4955	2.908	22.5
2759.72	5026	232.69	92.26	253.5	140.57	51.2995	833.5	9.89	29.5	651	930.5	34.5	2800.5	1483	1172.5	26.2905	534	2458.5	633	54.4	6.9	147.5	59	0	4.1385	0.9775	0.1885	21.5
2008.725	5648.5	292.765	185.645	220	200.885	61.8435	456	17.335	1364	295.5	5240.5	31.5	13589	1135	511.5	26.989	416.5	2679	355.15	92.55	2.4	71	439.5	39.8	3.9285	0.864	0.0205	17
3512.32	4872.5	314.785	120.375	304.5	111.855	38.718	285	7.595	3	274.5	247	31.5	3915.5	360	1020.5	44.839	653.5	3042.5	523.55	7	25.95	455	32	28.1	3.4835	2.7755	0.6945	16
3822.79	4252.5	343.065	130.6	361	128.84	38.983	325	10.065	99.5	178	862.5	55.5	8358.5	573.5	814.5	32.249	433.5	3191.5	360.2	45.65	1.2	242	21	15.8	2.6705	1.499	0.039	21.5
2683.7	2472	220.42	132.47	272.5	76.815	21.6905	703	7.4	845	326.5	4721.5	64	1187.5	5187.5	830.5	15.375	412.5	3597.5	498.95	134	4.55	114	0	0	1.4725	0.3475	0.23	17
2191.4	4313.5	268.635	96.65	286	82.115	29.273	349	6.28	95.5	222	919	89	9576	734	1162.5	21.9235	499.5	2858	364.3	118.05	3.65	2	0	0	2.276	0.6685	0.0255	12
2549.245	3431.5	348.03	129.95	314.5	87.42	25.759	454.5	8.165	2153	196	6342.5	60.5	7345.5	1689	812	20.073	417	2278	408.5	108.7	3.2	176.5	0	7	1.3295	0.3555	0.051	14.5
3445.045	3520	262.845	109.275	362	82.135	20.8495	426	9	618.5	253.5	2086.5	47	1733.5	1627	691.5	21.646	402.5	2800.5	401.3	41.95	3.1	86.5	47.5	0	0.8835	0.2495	0.045	17.5
3646.505	2694.5	216.39	73.775	538.5	55.315	24.3525	259	3.955	421	483.5	567.5	3	1.5	120.5	1021	34.2375	308	2962.5	313.5	21.9	8.75	586.5	0	0	3.0405	0.924	0.0075	17
4599.705	3384	257.555	98.57	357.5	66.65	20.5085	194.5	8.185	212.5	244	1246	22.5	581.5	1466.5	755	18.5385	418.5	2975.5	305.7	46.7	2.15	449	0	22.25	1.2405	0.313	0.079	25
4327.665	4157.5	224.46	66.73	292	83.115	31.9205	196	8.36	75	328.5	963.5	197	13465.5	1083	993.5	26.782	518	2442.5	222.45	61.5	2.9	174	0	0	2.328	0.628	0.004	16.5
3482.895	2699.5	305.655	152.785	396.5	64.905	21.0565	295	7.875	767.5	293	3450.5	19	1957	3698	835	21.9125	396	2745.5	290.45	41.9	5.1	380.5	5	0	1.5115	0.3675	0.082	22
3704.585	3436.5	305.505	159.71	295	64.745	22.5015	185	5.81	51.5	267.5	285	159.5	3745.5	337.5	944	26.508	401.5	2890.5	276.3	51	3.7	262.5	9.5	0	1.3685	0.3945	0.004	15
2649.47	2702.5	300.62	187.015	227	88.2	38.3085	232.5	4.18	7.5	724	170.5	15	0.5	209	1132.5	22.413	504.5	2029	226.25	23.1	8.65	83.5	5	0	4.91	1.661	0.0755	15
10258.985	5844.5	420.275	189.025	551	146.885	56.0885	489	11.34	104.5	1026.5	1104	107.5	9045.5	1688.5	2960	39.1085	953.5	4346	572.35	125.5	14.9	37.5	16	0	4.831	1.689	0.05	20.5
4526.26	5044.5	487.515	215.225	553.5	87.965	33.4645	504	9.79	127	478	5160.5	157.5	13645.5	959	2084.5	36.692	915.5	4632.5	579.25	202	6.05	78	0	0	3.418	1.5475	0.079	24.5
3454.355	5899	402.67	101.695	543.5	93.69	35.543	400.5	7.405	2947	654.5	6773.5	27	670.5	1386.5	1334.5	45.448	943	6486	518.4	102.25	8.45	355	41	0	3.425	1.0975	0.014	14
5434.095	7031.5	317.115	107.11	564.5	126.105	33.132	554	16.79	787	485.5	6221	101.5	5283	3457	1053.5	44.6835	1050	5099	701.35	152.85	5.8	445.5	0	22.65	1.91	0.5595	0.091	31.5
3397.73	5837.5	593.335	282.575	565	172.74	57.6135	428.5	14.19	59.5	909	2433.5	36	6832.5	4481	2376	39.131	959.5	3791	438.45	100.5	7.55	200	59.5	0	6.276	1.2935	0.031	18
3192.765	4755	372.025	171.605	811	135.12	46.6145	154.5	13.475	6.5	1124	2326.5	15	8038.5	3077.5	2190	44.9885	543.5	3178.5	348.1	45.15	2.35	14	123	0	4.155	2.2065	0.1045	26
4189.625	5912	297.03	80.035	524.5	136.395	32.318	330	16.08	178.5	250	1112.5	275.5	7367	2409	1001.5	46.8025	859	4666	495.85	56.95	3	394.5	58.5	0	1.874	0.529	0.01	29.5
4533.585	4769.5	244.875	165.52	485.5	118.93	34.99	1009.5	14.465	2402.5	470	26506.5	133.5	2162	23643	721.5	41.608	595	5296	790.5	238.25	27.35	141.5	0	46.45	2.208	0.845	0.7635	22
4170.945	8851	497.795	75.365	432.5	53.36	13.972	295.5	9.625	3020.5	90	9438.5	150.5	25699.5	2747.5	857	57.0115	1401.5	5789	572.55	126.25	7.15	0	0	0	0.8835	0.128	1.1875	11.5
5332.1	6148	512.58	113.755	689.5	156.585	65.9305	695.5	11.54	354	902	1988	1006	7391.5	1749	2551.5	32.795	889.5	4538	763.9	163.95	9.3	16.5	5	49.1	7.621	7.1635	0.0695	14.5
2212.64	2552	167.915	81.72	225	51.56	12.828	554	23.73	8139.5	1019	6511.5	23	751.5	3963	496	22.4925	408.5	2064	454.6	168.65	3.15	7	67	0	0.6315	1.3625	0.0755	11
5844.62	3713	319.47	54.575	594.5	40.78	9.749	17.5	7.06	1670	52	9928.5	10.5	818	10964.5	898	18.0825	630	2714	190.65	170.55	0.95	0	0	0	0.423	0.1515	0.001	24.5
4210.415	1680.5	114.33	37.025	218.5	45.9	11.4585	413.5	10.105	322.5	470	1411	12.5	148	2192.5	553.5	49.767	289.5	3128	350.85	211.25	2.35	64	25	0	0.6995	0.6175	0.045	16
3024.54	1312.5	215.34	190.335	346.5	30.9	13.751	81	1.4	2.5	25.5	4	0	0	77	266	151.7865	79.5	571	75.55	0.45	0.1	615.5	33.5	0	1.3775	3.4025	0.0035	10.5
3166.385	1884	196.735	88.81	453	37	14.7825	152	5.395	84	196.5	6676.5	52	0	14288	1165.5	21.1665	536.5	4035	401.15	134.1	4.9	282	0	0	1.347	0.4915	0.0055	12.5
6622.83	2763	260.58	116.1	364	52.795	15.462	139.5	12.565	4203.5	160	15304	713.5	36917	4123	910.5	24.6295	457	3219	239.45	162.15	0.75	0.5	6	0	1.359	0.4125	0.016	25.5
5391.265	2158.5	235.125	95.205	390.5	21.28	6.0585	195.5	5.04	1556	543.5	5148	49.5	1749	1706	1039.5	20.2575	1012	3093.5	293.6	80.3	5.85	52	2.5	0	0.411	0.122	0.0155	17
2255.095	3384	228.03	109.69	189	61.865	24.8135	148	4.69	770.5	224	1725	3	2928.5	630	774.5	26.199	1818	1902	178.2	18.7	4.1	91.5	9	0	2.6485	1.3585	0.001	8
3846.205	1354	257.385	156.295	375	52.295	16.1055	129.5	7.695	345.5	532	5425.5	148.5	2764	10257	845	17.2795	714	3687.5	233.65	313.3	6.8	25.5	14	0	1.539	0.276	0.085	18
2358.05	1848	213.94	117.27	351	42.505	17.267	124	6.905	42.5	240	8158	355.5	10623	13703.5	1340	12.1595	568	3328	249.75	236.6	4.65	69	0	0	2.3005	0.595	0	10
